n_S, m_S, n, m, c_S, internal_density, edges_inside, average_degree, fomd, tpr, expansion, cut_ratio, conductance, normalized_cut, maximum_odf, average_odf, flake_odf, modularity, auc_score
12.0,2.0,19634.0,270970.0,465,0.030303030303030304,2.0,0.3333333333333333,0.0,0.16666666666666666,38.75,0.001974824176944246,0.9914712153518124,0.9923285146562015,1.0,0.965905631659,1.0,-29.0925,0.784121
12.0,3.0,19634.0,270970.0,157,0.045454545454545456,3.0,0.5,0.0,0.16666666666666666,13.083333333333334,0.0006667685930757993,0.9631901840490797,0.963479803319645,1.0,0.987762237762,1.0,-9.49,0.4397035
12.0,0.0,19634.0,270970.0,278,0.0,0.0,0.0,0.0,0.0,23.166666666666668,0.0011806475724526891,1.0,1.0005127089104382,1.0,1.0,1.0,-17.4275,0.6914385
12.0,1.0,19634.0,270970.0,447,0.015151515151515152,1.0,0.16666666666666666,0.0,0.08333333333333333,37.25,0.0018983793700947916,0.9955456570155902,0.9963697948512604,1.0,0.998062015504,1.0,-27.5825,0.662356
8.0,0.0,19634.0,270970.0,50,0.0,0.0,0.0,0.0,0.0,6.25,0.0003184551105676144,1.0,1.0000922526245872,1.0,1.0,1.0,-3.1575,0.8076375
16.0,2.0,19634.0,270970.0,529,0.016666666666666666,2.0,0.25,0.0,0.0625,33.0625,0.0016853145070853297,0.9924953095684803,0.9934704876905711,1.0,0.98706997198,1.0,-32.9875,0.496502
16.0,0.0,19634.0,270970.0,87,0.0,0.0,0.0,0.0,0.0,5.4375,0.000277168926496075,1.0,1.0001605086093497,1.0,1.0,1.0,-5.4675,0.638944
8.0,0.0,19634.0,270970.0,136,0.0,0.0,0.0,0.0,0.0,17.0,0.0008661979007439112,1.0,1.000250887329452,1.0,1.0,1.0,-8.49,0.497281
15.0,0.0,19634.0,270970.0,257,0.0,0.0,0.0,0.0,0.0,17.133333333333333,0.0008733030905414819,1.0,1.0004739974584884,1.0,1.0,1.0,-16.085,0.5238605
17.0,4.0,19634.0,270970.0,627,0.029411764705882353,4.0,0.47058823529411764,0.0,0.23529411764705882,36.88235294117647,0.0018801219830339231,0.9874015748031496,0.9885572094898841,1.0,0.994035165762,1.0,-39.0925,0.5660245
6.0,1.0,19634.0,270970.0,102,0.06666666666666667,1.0,0.3333333333333333,0.0,0.16666666666666666,17.0,0.0008661096392908091,0.9807692307692307,0.9809574087634747,1.0,0.833333333333,1.0,-6.3725,0.240584
9.0,0.0,19634.0,270970.0,193,0.0,0.0,0.0,0.0,0.0,21.444444444444443,0.0010927105449398443,1.0,1.0003560012026569,1.0,1.0,1.0,-12.06,0.506236
9.0,1.0,19634.0,270970.0,189,0.027777777777777776,1.0,0.2222222222222222,0.0,0.1111111111111111,21.0,0.0010700636942675159,0.9895287958115183,0.9898774226092981,1.0,0.997997997998,1.0,-11.8225,0.515323
13.0,7.0,19634.0,270970.0,1067,0.08974358974358974,7.0,1.0769230769230769,0.0769230769231,0.07692307692307693,82.07692307692308,0.004183116205948885,0.9870490286771508,0.989014063217191,1.0,0.998180873181,1.0,-66.225,0.7557315
11.0,2.0,19634.0,270970.0,76,0.03636363636363636,2.0,0.36363636363636365,0.0,0.18181818181818182,6.909090909090909,0.00035209146965759104,0.95,0.9501402182977499,1.0,0.975318798848,1.0,-4.6325,0.337062
12.0,3.0,19634.0,270970.0,299,0.045454545454545456,3.0,0.5,0.0,0.16666666666666666,24.916666666666668,0.0012698331804437196,0.980327868852459,0.9808792923180172,1.0,0.968487394958,1.0,-18.445,0.6331345
11.0,1.0,19634.0,270970.0,192,0.01818181818181818,1.0,0.18181818181818182,0.0,0.09090909090909091,17.454545454545453,0.0008894942391349668,0.9896907216494846,0.9900448802461311,1.0,0.99595959596,1.0,-11.9325,0.5280225
11.0,1.0,19634.0,270970.0,284,0.01818181818181818,1.0,0.18181818181818182,0.0,0.09090909090909091,25.818181818181817,0.0013157102287204717,0.993006993006993,0.9935307637134564,1.0,0.997202797203,1.0,-17.6625,0.411014
5.0,2.0,19634.0,270970.0,313,0.2,2.0,0.8,0.0,0.4,62.6,0.003189158897549544,0.9873817034700315,0.9879589290619644,1.0,0.989742103738,1.0,-19.415,0.432061
12.0,3.0,19634.0,270970.0,1021,0.045454545454545456,3.0,0.5,0.0,0.25,85.08333333333333,0.0043361193218496245,0.994157740993184,0.9960381914909232,1.0,0.993852928377,1.0,-63.485,0.694934
16.0,7.0,19634.0,270970.0,653,0.058333333333333334,7.0,0.875,0.0625,0.1875,40.8125,0.0020803598735854825,0.9790104947526237,0.9802140061306903,1.0,0.953804576852,1.0,-40.395,0.407995
8.0,3.0,19634.0,270970.0,350,0.10714285714285714,3.0,0.75,0.0,0.25,43.75,0.0022291857739733007,0.9831460674157303,0.9837914856836489,1.0,0.961352657005,1.0,-21.7475,0.772767
14.0,17.0,19634.0,270970.0,1011,0.18681318681318682,17.0,2.4285714285714284,0.0714285714286,0.2857142857142857,72.21428571428571,0.0036806465705548274,0.9674641148325359,0.9693262779256054,1.0,0.941846754278,1.0,-62.167500000000004,0.6427945
9.0,2.0,19634.0,270970.0,324,0.05555555555555555,2.0,0.4444444444444444,0.0,0.2222222222222222,36.0,0.0018343949044585988,0.9878048780487805,0.9884023774033337,1.0,0.99426308387,1.0,-20.0675,0.638291
14.0,0.0,19634.0,270970.0,163,0.0,0.0,0.0,0.0,0.0,11.642857142857142,0.0005934177952526576,1.0,1.0003006808669201,1.0,1.0,1.0,-10.1625,0.467296
13.0,7.0,19634.0,270970.0,292,0.08974358974358974,7.0,1.0769230769230769,0.0,0.38461538461538464,22.46153846153846,0.0011447703206533032,0.954248366013072,0.9547868947966978,1.0,0.93558049519,1.0,-17.6475,0.6711865
10.0,3.0,19634.0,270970.0,171,0.06666666666666667,3.0,0.6,0.0,0.2,17.1,0.0008713819812474521,0.9661016949152542,0.9664171319615829,1.0,0.986014586015,1.0,-10.445,0.502921
15.0,4.0,19634.0,270970.0,224,0.0380952380952381,4.0,0.5333333333333333,0.0,0.13333333333333333,14.933333333333334,0.0007611668960361554,0.9655172413793104,0.9659304065937505,1.0,0.986477015048,1.0,-13.66,0.578959
7.0,1.0,19634.0,270970.0,185,0.047619047619047616,1.0,0.2857142857142857,0.0,0.14285714285714285,26.428571428571427,0.0013465415717415514,0.9893048128342246,0.9896460638049452,1.0,0.997818974918,1.0,-11.5225,0.7022795
17.0,12.0,19634.0,270970.0,761,0.08823529411764706,12.0,1.411764705882353,0.0,0.35294117647058826,44.76470588235294,0.0022819343366647774,0.9694267515923567,0.9708290590422762,1.0,0.914069631578,1.0,-46.985,0.556323
13.0,2.0,19634.0,270970.0,280,0.02564102564102564,2.0,0.3076923076923077,0.0,0.07692307692307693,21.53846153846154,0.0010977249650100168,0.9859154929577465,0.9864318923262638,1.0,0.985088440971,1.0,-17.285,0.6463365
11.0,0.0,19634.0,270970.0,167,0.0,0.0,0.0,0.0,0.0,15.181818181818182,0.0007736746767476013,1.0,1.0003080572654477,1.0,1.0,1.0,-10.3375,0.495719
13.0,3.0,19634.0,270970.0,402,0.038461538461538464,3.0,0.46153846153846156,0.0,0.23076923076923078,30.923076923076923,0.0015760194140500955,0.9852941176470589,0.9860353555512363,1.0,0.988084204952,1.0,-24.8925,0.697666
11.0,24.0,19634.0,270970.0,981,0.43636363636363634,24.0,4.363636363636363,0.0909090909091,0.5454545454545454,89.18181818181819,0.004544759628080221,0.9533527696793003,0.9551598221575042,1.0,0.828332319176,1.0,-59.754999999999995,0.415511
12.0,12.0,19634.0,270970.0,1509,0.18181818181818182,12.0,2.0,0.0833333333333,0.25,125.75,0.006408622974212619,0.9843444227005871,0.9871212548301358,1.0,0.903158793821,1.0,-93.2775,0.472966
9.0,3.0,19634.0,270970.0,700,0.08333333333333333,3.0,0.6666666666666666,0.0,0.2222222222222222,77.77777777777777,0.003963198867657466,0.9915014164305949,0.9927914203743212,1.0,0.996478996479,1.0,-43.4675,0.797299
10.0,2.0,19634.0,270970.0,274,0.044444444444444446,2.0,0.4,0.0,0.2,27.4,0.001396249490419894,0.9856115107913669,0.9861168500510633,1.0,0.995514147688,1.0,-17.0575,0.835477
6.0,2.0,19634.0,270970.0,478,0.13333333333333333,2.0,0.6666666666666666,0.0,0.16666666666666666,79.66666666666667,0.004058827525303988,0.991701244813278,0.9925824905038392,1.0,0.997445721584,1.0,-29.4525,0.9248
15.0,2.0,19634.0,270970.0,370,0.01904761904761905,2.0,0.26666666666666666,0.0,0.13333333333333333,24.666666666666668,0.001257284605059721,0.9893048128342246,0.9899870844668452,1.0,0.991512740362,1.0,-23.0025,0.4239165
6.0,2.0,19634.0,270970.0,160,0.13333333333333333,2.0,0.6666666666666666,0.0,0.3333333333333333,26.666666666666668,0.0013586033557502887,0.975609756097561,0.9759049067719803,1.0,0.940821256039,1.0,-9.8075,0.418271
14.0,6.0,19634.0,270970.0,2239,0.06593406593406594,6.0,0.8571428571428571,0.0,0.2857142857142857,159.92857142857142,0.008151303334789573,0.9946690359840071,0.998783581702509,1.0,0.977133496026,1.0,-139.82,0.421302
15.0,8.0,19634.0,270970.0,864,0.0761904761904762,8.0,1.0666666666666667,0.0666666666667,0.13333333333333333,57.6,0.002935929456139457,0.9818181818181818,0.9834099635082708,1.0,0.98873015873,1.0,-53.21,0.6306825
14.0,0.0,19634.0,270970.0,245,0.0,0.0,0.0,0.0,0.0,17.5,0.000891946992864424,1.0,1.000451875282422,1.0,1.0,1.0,-15.3575,0.486428
17.0,2.0,19634.0,270970.0,225,0.014705882352941176,2.0,0.23529411764705882,0.0,0.058823529411764705,13.235294117647058,0.00067468492214136,0.982532751091703,0.9829477569663417,1.0,0.991901355459,1.0,-13.9075,0.46317
8.0,0.0,19634.0,270970.0,184,0.0,0.0,0.0,0.0,0.0,23.0,0.001171914806888821,1.0,1.0003394057448112,1.0,1.0,1.0,-11.3175,0.5929725
10.0,4.0,19634.0,270970.0,219,0.08888888888888889,4.0,0.8,0.0,0.4,21.9,0.0011159804321239299,0.9647577092511013,0.9651616557530905,1.0,0.942664198547,1.0,-13.4825,0.591672
9.0,2.0,19634.0,270970.0,578,0.05555555555555555,2.0,0.4444444444444444,0.0,0.2222222222222222,64.22222222222223,0.0032724699221514508,0.993127147766323,0.9941925580598823,1.0,0.989293024721,1.0,-35.93,0.95308
19.0,2.0,19634.0,270970.0,354,0.011695906432748537,2.0,0.21052631578947367,0.0,0.10526315789473684,18.63157894736842,0.0009498638260192925,0.9888268156424581,0.9894796028965104,1.0,0.989692982456,1.0,-22.07,0.696826
11.0,0.0,19634.0,270970.0,286,0.0,0.0,0.0,0.0,0.0,26.0,0.001324975793711461,1.0,1.0005274553414996,1.0,1.0,1.0,-17.7275,0.4574535
17.0,16.0,19634.0,270970.0,840,0.11764705882352941,16.0,1.8823529411764706,0.0588235294118,0.11764705882352941,49.411764705882355,0.002518823709327744,0.963302752293578,0.9648504318796842,1.0,0.986037963926,1.0,-51.4875,0.80552
11.0,1.0,19634.0,270970.0,315,0.01818181818181818,1.0,0.18181818181818182,0.0,0.09090909090909091,28.636363636363637,0.0014593264860808049,0.9936908517350158,0.9942717613842017,1.0,0.998657718121,0.9090909090909091,-19.755,0.632346
14.0,9.0,19634.0,270970.0,550,0.0989010989010989,9.0,1.2857142857142858,0.0714285714286,0.2857142857142857,39.285714285714285,0.00200232998398136,0.9683098591549296,0.9693237363688688,1.0,0.986601126888,1.0,-33.8925,0.611105
8.0,13.0,19634.0,270970.0,815,0.4642857142857143,13.0,3.25,0.125,0.375,101.875,0.005190818302252115,0.9690844233055886,0.9705860935682796,1.0,0.957730914822,1.0,-49.775,0.492859
8.0,3.0,19634.0,270970.0,753,0.10714285714285714,3.0,0.75,0.0,0.125,94.125,0.0047959339651482726,0.9920948616600791,0.9934824018075306,1.0,0.998466257669,1.0,-46.7425,0.688621
7.0,4.0,19634.0,270970.0,229,0.19047619047619047,4.0,1.1428571428571428,0.142857142857,0.14285714285714285,32.714285714285715,0.0016668001077233257,0.9662447257383966,0.9666671094952511,1.0,0.984761904762,1.0,-14.155,0.860686
12.0,3.0,19634.0,270970.0,126,0.045454545454545456,3.0,0.5,0.0,0.25,10.5,0.0005351136479461829,0.9545454545454546,0.9547779011380827,1.0,0.949342105263,1.0,-7.65,0.546554
9.0,1.0,19634.0,270970.0,242,0.027777777777777776,1.0,0.2222222222222222,0.0,0.1111111111111111,26.88888888888889,0.0013701344656758669,0.9918032786885246,0.9922496249204033,1.0,0.995884773663,1.0,-15.0825,0.565499
13.0,1.0,19634.0,270970.0,166,0.01282051282051282,1.0,0.15384615384615385,0.0,0.07692307692307693,12.76923076923077,0.0006507940863987957,0.9880952380952381,0.9884014524009802,1.0,0.994082840237,1.0,-10.24,0.440337
7.0,0.0,19634.0,270970.0,71,0.0,0.0,0.0,0.0,0.0,10.142857142857142,0.0005167808194251359,1.0,1.0001309936514204,1.0,1.0,1.0,-4.41,0.363843
5.0,6.0,19634.0,270970.0,618,0.6,6.0,2.4,0.2,0.2,123.6,0.006296805746599419,0.9809523809523809,0.9820914548742234,1.0,0.994482758621,1.0,-38.235,0.941341
14.0,4.0,19634.0,270970.0,420,0.04395604395604396,4.0,0.5714285714285714,0.0,0.21428571428571427,30.0,0.0015290519877675841,0.9813084112149533,0.9820828160295386,1.0,0.993262270583,1.0,-25.9125,0.432804
8.0,3.0,19634.0,270970.0,336,0.10714285714285714,3.0,0.75,0.0,0.375,42.0,0.0021400183430143687,0.9824561403508771,0.983075757884578,1.0,0.976468447129,1.0,-20.8625,0.949829
10.0,7.0,19634.0,270970.0,325,0.15555555555555556,7.0,1.4,0.1,0.2,32.5,0.0016561353444761516,0.9587020648967551,0.9593014183327101,1.0,0.9731670216,1.0,-19.7,0.505042
5.0,1.0,19634.0,270970.0,226,0.1,1.0,0.4,0.0,0.2,45.2,0.002302715370115645,0.9912280701754386,0.9916449182140394,1.0,0.991304347826,1.0,-13.9075,0.461903
15.0,1.0,19634.0,270970.0,321,0.009523809523809525,1.0,0.13333333333333333,0.0,0.06666666666666667,21.4,0.001090779346551812,0.9938080495356038,0.9944000175803942,1.0,0.997701149425,1.0,-20.0525,0.580969
4.0,1.0,19634.0,270970.0,74,0.16666666666666666,1.0,0.5,0.0,0.25,18.5,0.0009424350483953133,0.9736842105263158,0.9738207388688618,1.0,0.916666666667,1.0,-4.5725,0.326681
8.0,1.0,19634.0,270970.0,171,0.03571428571428571,1.0,0.25,0.0,0.125,21.375,0.0010891164781412412,0.9884393063583815,0.9887547410772296,1.0,0.997023809524,1.0,-10.605,0.476816
14.0,3.0,19634.0,270970.0,778,0.03296703296703297,3.0,0.42857142857142855,0.0,0.14285714285714285,55.57142857142857,0.0028323867773409057,0.9923469387755102,0.9937804799538884,1.0,0.991698424143,1.0,-48.4375,0.8001205
16.0,6.0,19634.0,270970.0,356,0.05,6.0,0.75,0.0,0.25,22.25,0.0011341625038230197,0.967391304347826,0.968047786928909,1.0,0.902521929825,1.0,-21.73,0.638507
12.0,2.0,19634.0,270970.0,511,0.030303030303030304,2.0,0.3333333333333333,0.0,0.16666666666666666,42.583333333333336,0.002170183127781742,0.9922330097087378,0.9931750372247901,1.0,0.994546532306,1.0,-31.840000000000003,0.764575
11.0,3.0,19634.0,270970.0,273,0.05454545454545454,3.0,0.5454545454545454,0.0,0.09090909090909091,24.818181818181817,0.001264749621270031,0.978494623655914,0.9789981213975514,1.0,0.993265993266,1.0,-16.79,0.499612
8.0,3.0,19634.0,270970.0,423,0.10714285714285714,3.0,0.75,0.0,0.125,52.875,0.0026941302354020176,0.986013986013986,0.9867939151012847,1.0,0.990390508343,1.0,-26.3,0.926982
10.0,0.0,19634.0,270970.0,94,0.0,0.0,0.0,0.0,0.0,9.4,0.0004790052996331023,1.0,1.0001734208555182,1.0,1.0,1.0,-5.7725,0.513654
6.0,7.0,19634.0,270970.0,560,0.4666666666666667,7.0,2.3333333333333335,0.166666666667,0.3333333333333333,93.33333333333333,0.004755111745126011,0.975609756097561,0.9766420408016824,1.0,0.980580783129,1.0,-34.3625,0.751096
12.0,8.0,19634.0,270970.0,637,0.12121212121212122,8.0,1.3333333333333333,0.0,0.3333333333333333,53.083333333333336,0.0027052967757279244,0.9754977029096478,0.9766717644437426,1.0,0.974773739905,1.0,-39.155,0.7719165
12.0,0.0,19634.0,270970.0,417,0.0,0.0,0.0,0.0,0.0,34.75,0.0017709713586790338,1.0,1.0007688662633654,1.0,1.0,1.0,-26.105,0.8075035
19.0,3.0,19634.0,270970.0,459,0.017543859649122806,3.0,0.3157894736842105,0.0,0.10526315789473684,24.157894736842106,0.0012316030964487435,0.9870967741935484,0.9879430240529676,1.0,0.981990785984,1.0,-28.6375,0.5660375
17.0,5.0,19634.0,270970.0,320,0.03676470588235294,5.0,0.5882352941176471,0.0,0.23529411764705882,18.823529411764707,0.000959551889267712,0.9696969696969697,0.9702871033991366,1.0,0.983039028988,1.0,-19.6375,0.8317895
19.0,23.0,19634.0,270970.0,1333,0.13450292397660818,23.0,2.4210526315789473,0.157894736842,0.42105263157894735,70.15789473684211,0.003576747118880556,0.9666424945612763,0.969096349027273,1.0,0.935466429742,1.0,-81.6225,0.625196
16.0,8.0,19634.0,270970.0,247,0.06666666666666667,8.0,1.0,0.0,0.3125,15.4375,0.0007869048832704659,0.9391634980988594,0.939619073922723,1.0,0.907325156149,0.9375,-14.982500000000002,0.340736
8.0,3.0,19634.0,270970.0,368,0.10714285714285714,3.0,0.75,0.0,0.375,46.0,0.002343829613777642,0.983957219251337,0.9846358079343954,1.0,0.871799036845,1.0,-22.7075,0.321273
9.0,0.0,19634.0,270970.0,89,0.0,0.0,0.0,0.0,0.0,9.88888888888889,0.0005038924274593065,1.0,1.0001641978565723,1.0,1.0,0.8888888888888888,-5.555,0.434571
9.0,1.0,19634.0,270970.0,130,0.027777777777777776,1.0,0.2222222222222222,0.0,0.1111111111111111,14.444444444444445,0.0007360226468506723,0.9848484848484849,0.985088307158601,1.0,0.992592592593,1.0,-8.0975,0.4981505
15.0,9.0,19634.0,270970.0,650,0.08571428571428572,9.0,1.2,0.0666666666667,0.26666666666666666,43.333333333333336,0.002208743225104915,0.9730538922155688,0.9742518899006687,1.0,0.982126262626,1.0,-39.7625,0.626236
6.0,2.0,19634.0,270970.0,273,0.13333333333333333,2.0,0.6666666666666666,0.0,0.16666666666666666,45.5,0.0023181169757489303,0.9855595667870036,0.986063062671432,1.0,0.991111111111,0.8333333333333334,-16.8575,0.445685
8.0,1.0,19634.0,270970.0,92,0.03571428571428571,1.0,0.25,0.0,0.125,11.5,0.0005859574034444105,0.9787234042553191,0.9788931365579592,1.0,0.991666666667,1.0,-5.67,0.448047
8.0,1.0,19634.0,270970.0,117,0.03571428571428571,1.0,0.25,0.0,0.125,14.625,0.0007451849587282177,0.9831932773109243,0.9834091225664796,1.0,0.991666666667,1.0,-7.2425,0.477692
19.0,1.0,19634.0,270970.0,516,0.005847953216374269,1.0,0.10526315789473684,0.0,0.05263157894736842,27.157894736842106,0.0013845472718247314,0.9961389961389961,0.9970902288702508,1.0,0.995423340961,1.0,-31.994999999999997,0.7500265
6.0,1.0,19634.0,270970.0,134,0.06666666666666667,1.0,0.3333333333333333,0.0,0.16666666666666666,22.333333333333332,0.0011378303104408669,0.9852941176470589,0.9855413172810559,1.0,0.962962962963,1.0,-8.2725,0.905589
11.0,22.0,19634.0,270970.0,632,0.4,22.0,4.0,0.181818181818,0.36363636363636365,57.45454545454545,0.002927918537152599,0.9349112426035503,0.9360761594373358,1.0,0.942601217744,1.0,-38.36,0.7995265
17.0,4.0,19634.0,270970.0,978,0.029411764705882353,4.0,0.47058823529411764,0.0,0.23529411764705882,57.529411764705884,0.0029326304615744448,0.9918864097363083,0.9936878132838576,1.0,0.991053074721,1.0,-60.8,0.8770615
9.0,5.0,19634.0,270970.0,217,0.1388888888888889,5.0,1.1111111111111112,0.0,0.3333333333333333,24.11111111111111,0.0012285916489738146,0.9559471365638766,0.9563473970098443,1.0,0.949641015269,1.0,-13.1175,0.830176
12.0,4.0,19634.0,270970.0,296,0.06060606060606061,4.0,0.6666666666666666,0.0,0.25,24.666666666666668,0.0012570923793021437,0.9736842105263158,0.9742301063487374,1.0,0.963766277693,1.0,-18.1075,0.420316
7.0,0.0,19634.0,270970.0,154,0.0,0.0,0.0,0.0,0.0,22.0,0.0011209048759362103,1.0,1.0002840835722218,1.0,1.0,1.0,-9.5925,0.924595
17.0,18.0,19634.0,270970.0,953,0.1323529411764706,18.0,2.1176470588235294,0.0588235294118,0.35294117647058826,56.05882352941177,0.0028576654702254047,0.9635995955510617,0.9653551223288319,1.0,0.937268881717,1.0,-58.27,0.6881485
8.0,13.0,19634.0,270970.0,526,0.4642857142857143,13.0,3.25,0.125,0.625,65.75,0.0033501477631713034,0.9528985507246377,0.9538682432251907,1.0,0.955889136051,1.0,-31.909999999999997,0.788591
6.0,54.0,19634.0,270970.0,1106,3.6,54.0,18.0,0.666666666667,0.5,184.33333333333334,0.00939134569662387,0.9110378912685337,0.9130749562741145,0.979245283019,0.83354885798,1.0,-65.705,0.993619
6.0,0.0,19634.0,270970.0,103,0.0,0.0,0.0,0.0,0.0,17.166666666666668,0.0008746009102642483,1.0,1.0001900218248367,1.0,1.0,1.0,-6.3575,0.6308915
14.0,1.0,19634.0,270970.0,431,0.01098901098901099,1.0,0.14285714285714285,0.0,0.07142857142857142,30.785714285714285,0.0015690985874472112,0.9953810623556582,0.9961757242924576,1.0,0.971428571429,1.0,-26.965,0.531534
6.0,2.0,19634.0,270970.0,134,0.13333333333333333,2.0,0.6666666666666666,0.0,0.16666666666666666,22.333333333333332,0.0011378303104408669,0.9710144927536232,0.9712616932996782,1.0,0.981981981982,1.0,-8.2525,0.6914425
17.0,12.0,19634.0,270970.0,561,0.08823529411764706,12.0,1.411764705882353,0.117647058824,0.29411764705882354,33.0,0.0016822144058724576,0.958974358974359,0.9600085042007925,1.0,0.965939577513,1.0,-34.06,0.731938
7.0,1.0,19634.0,270970.0,31,0.047619047619047616,1.0,0.2857142857142857,0.0,0.14285714285714285,4.428571428571429,0.00022563669580534103,0.9393939393939394,0.9394511382374158,1.0,0.964285714286,1.0,-1.8075,0.519595
13.0,3.0,19634.0,270970.0,247,0.038461538461538464,3.0,0.46153846153846156,0.0,0.15384615384615385,19.0,0.000968350236990979,0.9762845849802372,0.976740152401449,1.0,0.985364396655,0.9230769230769231,-15.17,0.46986
12.0,4.0,19634.0,270970.0,283,0.06060606060606061,4.0,0.6666666666666666,0.0,0.16666666666666666,23.583333333333332,0.0012018822410219821,0.9725085910652921,0.9730305242467792,1.0,0.992986314761,1.0,-17.3075,0.5003355
9.0,19.0,19634.0,270970.0,1067,0.5277777777777778,19.0,4.222222222222222,0.111111111111,0.5555555555555556,118.55555555555556,0.006041047416843595,0.9656108597285068,0.967575981125861,1.0,0.948783736392,1.0,-65.4575,0.923865
7.0,2.0,19634.0,270970.0,437,0.09523809523809523,2.0,0.5714285714285714,0.0,0.14285714285714285,62.42857142857143,0.0031807495505462593,0.9909297052154195,0.9917354237891686,1.0,0.984555984556,1.0,-27.29,0.923041
12.0,2.0,19634.0,270970.0,216,0.030303030303030304,2.0,0.3333333333333333,0.0,0.08333333333333333,18.0,0.0009173376821934563,0.9818181818181818,0.982216594071572,1.0,0.981481481481,1.0,-13.415,0.4997915
8.0,7.0,19634.0,270970.0,536,0.25,7.0,1.75,0.125,0.375,67.0,0.003413838785284826,0.9745454545454545,0.9755335421903033,1.0,0.978862637951,1.0,-33.105,0.960069
16.0,15.0,19634.0,270970.0,1887,0.125,15.0,1.875,0.0,0.375,117.9375,0.006011698440207972,0.9843505477308294,0.9878205926189034,1.0,0.978885890129,0.9375,-117.18,0.762024
19.0,10.0,19634.0,270970.0,606,0.05847953216374269,10.0,1.0526315789473684,0.0526315789474,0.3157894736842105,31.894736842105264,0.0016260380750499751,0.9680511182108626,0.9691681153686026,1.0,0.951535718746,1.0,-37.3225,0.7138465
18.0,5.0,19634.0,270970.0,1525,0.032679738562091505,5.0,0.5555555555555556,0.0,0.2222222222222222,84.72222222222223,0.004319036614101867,0.993485342019544,0.9962914621214843,1.0,0.988260324346,1.0,-94.855,0.590161
15.0,4.0,19634.0,270970.0,869,0.0380952380952381,4.0,0.5333333333333333,0.0,0.13333333333333333,57.93333333333333,0.002952919788640264,0.9908779931584949,0.9924789482046352,1.0,0.994408144029,1.0,-54.07,0.842094
15.0,2.0,19634.0,270970.0,307,0.01904761904761905,2.0,0.26666666666666666,0.0,0.06666666666666667,20.466666666666665,0.0010432064155495523,0.9871382636655949,0.9877044304948578,1.0,0.97037037037,1.0,-18.84,0.737514
16.0,10.0,19634.0,270970.0,940,0.08333333333333333,10.0,1.25,0.0625,0.1875,58.75,0.0029946987460495464,0.9791666666666666,0.9808982365005096,1.0,0.995602780404,1.0,-57.73,0.630142
17.0,15.0,19634.0,270970.0,534,0.11029411764705882,15.0,1.7647058823529411,0.0,0.4117647058823529,31.41176470588235,0.0016012522152154944,0.9468085106382979,0.9477929440544661,1.0,0.958652485261,1.0,-32.7025,0.757306
10.0,2.0,19634.0,270970.0,150,0.044444444444444446,2.0,0.4,0.0,0.1,15.0,0.0007643701589889931,0.974025974025974,0.9743026828876675,1.0,0.982608695652,1.0,-9.1475,0.903403
10.0,4.0,19634.0,270970.0,671,0.08888888888888889,4.0,0.8,0.0,0.3,67.1,0.003419282511210762,0.9882179675994109,0.9894545991698225,1.0,0.988256255939,1.0,-41.78,0.562196
9.0,3.0,19634.0,270970.0,392,0.08333333333333333,3.0,0.6666666666666666,0.0,0.2222222222222222,43.55555555555556,0.002219391365888181,0.9849246231155779,0.9856474355936815,1.0,0.988696488696,1.0,-24.11,0.812835
9.0,7.0,19634.0,270970.0,799,0.19444444444444445,7.0,1.5555555555555556,0.111111111111,0.2222222222222222,88.77777777777777,0.004523708421797594,0.982779827798278,0.9842520282681292,1.0,0.985445838637,1.0,-49.4825,0.951692
15.0,1.0,19634.0,270970.0,307,0.009523809523809525,1.0,0.13333333333333333,0.0,0.06666666666666667,20.466666666666665,0.0010432064155495523,0.9935275080906149,0.9940936728316452,1.0,0.985185185185,1.0,-19.25,0.613755
8.0,0.0,19634.0,270970.0,51,0.0,0.0,0.0,0.0,0.0,6.375,0.0003248242127789667,1.0,1.000094097503464,1.0,1.0,1.0,-3.1825,0.780986
12.0,17.0,19634.0,270970.0,838,0.25757575757575757,17.0,2.8333333333333335,0.0833333333333,0.3333333333333333,69.83333333333333,0.003558930452213502,0.9610091743119266,0.9625531803258116,1.0,0.970660219529,1.0,-51.105,0.907156
6.0,1.0,19634.0,270970.0,121,0.06666666666666667,1.0,0.3333333333333333,0.0,0.16666666666666666,20.166666666666668,0.0010274437877861558,0.983739837398374,0.9839630603316709,1.0,0.833333333333,1.0,-7.4875,0.339001
14.0,5.0,19634.0,270970.0,819,0.054945054945054944,5.0,0.7142857142857143,0.0,0.14285714285714285,58.5,0.002981651376146789,0.9879372738238842,0.98944625864007,1.0,0.963409290096,1.0,-51.0,0.7531505
7.0,1.0,19634.0,270970.0,58,0.047619047619047616,1.0,0.2857142857142857,0.0,0.14285714285714285,8.285714285714286,0.0004221589792487026,0.9666666666666667,0.9667736785265328,1.0,0.952380952381,1.0,-3.5125,0.286495
15.0,3.0,19634.0,270970.0,121,0.02857142857142857,3.0,0.4,0.0,0.13333333333333333,8.066666666666666,0.0004111660465195304,0.952755905511811,0.9529791300923425,1.0,0.951111111111,1.0,-7.4399999999999995,0.366648
15.0,9.0,19634.0,270970.0,138,0.08571428571428572,9.0,1.2,0.0666666666667,0.26666666666666666,9.2,0.0004689331770222743,0.8846153846153846,0.8848699689787392,1.0,0.851951951952,1.0,-8.0825,0.468555
7.0,1.0,19634.0,270970.0,113,0.047619047619047616,1.0,0.2857142857142857,0.0,0.14285714285714285,16.142857142857142,0.0008224821492259206,0.9826086956521739,0.9828171631211021,1.0,0.833333333333,0.8571428571428571,-6.89,0.235709
13.0,2.0,19634.0,270970.0,535,0.02564102564102564,2.0,0.3076923076923077,0.0,0.15384615384615385,41.15384615384615,0.0020974387724298532,0.9925788497217068,0.9935650775569276,1.0,0.987436551782,1.0,-33.3525,0.9217335
6.0,1.0,19634.0,270970.0,43,0.06666666666666667,1.0,0.3333333333333333,0.0,0.16666666666666666,7.166666666666667,0.0003651246518578901,0.9555555555555556,0.9556348941301551,1.0,0.833333333333,1.0,-2.4925,0.21114
14.0,27.0,19634.0,270970.0,1654,0.2967032967032967,27.0,3.857142857142857,0.142857142857,0.6428571428571429,118.14285714285714,0.006021552351827581,0.968384074941452,0.971427089255026,1.0,0.965563409172,1.0,-102.175,0.910691
17.0,11.0,19634.0,270970.0,644,0.08088235294117647,11.0,1.2941176470588236,0.0588235294118,0.23529411764705882,37.88235294117647,0.0019310981771512704,0.9669669669669669,0.9681539280884609,1.0,0.986319142465,1.0,-39.685,0.633006
8.0,1.0,19634.0,270970.0,126,0.03571428571428571,1.0,0.25,0.0,0.125,15.75,0.0008025068786303883,0.984375,0.9846074448773576,1.0,0.99537037037,1.0,-7.824999999999999,0.484725
16.0,9.0,19634.0,270970.0,721,0.075,9.0,1.125,0.0,0.3125,45.0625,0.002296997655214599,0.9756427604871448,0.9769714425119751,1.0,0.986863257716,0.9375,-44.525,0.544789
5.0,6.0,19634.0,270970.0,295,0.6,6.0,2.4,0.2,0.4,59.0,0.003005756788425289,0.9609120521172638,0.961456108713904,1.0,0.982257441051,1.0,-18.0225,0.94493
15.0,9.0,19634.0,270970.0,213,0.08571428571428572,9.0,1.2,0.0,0.3333333333333333,14.2,0.0007237881645343799,0.922077922077922,0.9224708131474896,1.0,0.930888928587,1.0,-12.9,0.480572
10.0,6.0,19634.0,270970.0,215,0.13333333333333333,6.0,1.2,0.0,0.3,21.5,0.0010955972278842234,0.947136563876652,0.9475331382122055,1.0,0.927020447907,1.0,-13.0475,0.732743
10.0,5.0,19634.0,270970.0,533,0.1111111111111111,5.0,1.0,0.0,0.4,53.3,0.0027160619649408886,0.9815837937384899,0.9825663492307539,1.0,0.861646933488,0.9,-32.9375,0.408452
10.0,0.0,19634.0,270970.0,158,0.0,0.0,0.0,0.0,0.0,15.8,0.0008051365674684061,1.0,1.0002914602156805,1.0,1.0,0.9,-9.84,0.280687
12.0,6.0,19634.0,270970.0,88,0.09090909090909091,6.0,1.0,0.0,0.3333333333333333,7.333333333333333,0.0003737301668195563,0.88,0.8801623568307947,1.0,0.846794258373,0.9166666666666666,-5.1525,0.298923
8.0,0.0,19634.0,270970.0,96,0.0,0.0,0.0,0.0,0.0,12.0,0.0006114338122898196,1.0,1.0001771100074535,1.0,1.0,1.0,-5.9325,0.330799
15.0,5.0,19634.0,270970.0,272,0.047619047619047616,5.0,0.6666666666666666,0.0,0.13333333333333333,18.133333333333333,0.000924274088043903,0.9645390070921985,0.9650406651458391,1.0,0.980105820106,1.0,-16.61,0.724117
12.0,1.0,19634.0,270970.0,259,0.015151515151515152,1.0,0.16666666666666666,0.0,0.08333333333333333,21.583333333333332,0.0010999558318893759,0.9923371647509579,0.9928148509056213,1.0,0.916666666667,1.0,-15.997499999999999,0.3465395
12.0,2.0,19634.0,270970.0,398,0.030303030303030304,2.0,0.3333333333333333,0.0,0.16666666666666666,33.166666666666664,0.0016902796181157205,0.9900497512437811,0.9907836163527362,1.0,0.991723962312,0.9166666666666666,-24.935,0.500029
17.0,23.0,19634.0,270970.0,1301,0.16911764705882354,23.0,2.7058823529411766,0.176470588235,0.35294117647058826,76.52941176470588,0.0039011781498040415,0.9658500371195249,0.9682451254395573,1.0,0.937884139524,1.0,-79.7,0.425667
13.0,15.0,19634.0,270970.0,1104,0.19230769230769232,15.0,2.3076923076923075,0.153846153846,0.38461538461538464,84.92307692307692,0.004328172719182352,0.9735449735449735,0.9755780702975434,1.0,0.926526321119,1.0,-67.6475,0.480392
8.0,5.0,19634.0,270970.0,774,0.17857142857142858,5.0,1.25,0.0,0.375,96.75,0.004929685111586671,0.9872448979591837,0.9886710897690837,1.0,0.986069806569,1.0,-47.825,0.878304
10.0,0.0,19634.0,270970.0,116,0.0,0.0,0.0,0.0,0.0,11.6,0.000591112922951488,1.0,1.0002140000295172,1.0,1.0,1.0,-7.3,0.3910685
10.0,46.0,19634.0,270970.0,1930,1.0222222222222221,46.0,9.2,0.5,0.6,193.0,0.009834896045658377,0.9545004945598418,0.9580497370816061,1.0,0.955840123302,1.0,-117.89750000000001,0.667805
5.0,0.0,19634.0,270970.0,181,0.0,0.0,0.0,0.0,0.0,36.2,0.0018442100973050078,1.0,1.000333873803081,1.0,1.0,1.0,-11.26,0.942122
7.0,3.0,19634.0,270970.0,364,0.14285714285714285,3.0,0.8571428571428571,0.0,0.2857142857142857,52.0,0.0026494115249401334,0.9837837837837838,0.9844550014537734,1.0,0.992620741461,1.0,-22.6125,0.6635485
14.0,8.0,19634.0,270970.0,713,0.08791208791208792,8.0,1.1428571428571428,0.0,0.35714285714285715,50.92857142857143,0.002595747779234018,0.9780521262002744,0.9793660800957883,1.0,0.936779980132,1.0,-44.1275,0.6787465
8.0,25.0,19634.0,270970.0,975,0.8928571428571429,25.0,6.25,0.125,0.625,121.875,0.006209874656068481,0.9512195121951219,0.9530155388315785,1.0,0.926362259791,1.0,-59.2975,0.873527
8.0,2.0,19634.0,270970.0,530,0.07142857142857142,2.0,0.5,0.0,0.125,66.25,0.0033756241720167123,0.9925093632958801,0.9934863830538004,1.0,0.998820754717,1.0,-33.2,0.790468
16.0,2.0,19634.0,270970.0,1330,0.016666666666666666,2.0,0.25,0.0,0.0625,83.125,0.004237180140687124,0.9970014992503748,0.9994496554022415,1.0,0.998188405797,1.0,-82.95,0.7104745
8.0,2.0,19634.0,270970.0,226,0.07142857142857142,2.0,0.5,0.0,0.25,28.25,0.0014394170997656171,0.9826086956521739,0.9830255452284998,1.0,0.98947251773,1.0,-14.0825,0.599555
17.0,3.0,19634.0,270970.0,297,0.022058823529411766,3.0,0.35294117647058826,0.0,0.17647058823529413,17.470588235294116,0.0008905840972265952,0.9801980198019802,0.9807457568365651,1.0,0.979951980792,1.0,-18.4,0.779714
13.0,20.0,19634.0,270970.0,858,0.2564102564102564,20.0,3.076923076923077,0.0769230769231,0.46153846153846156,66.0,0.00336374292849498,0.955456570155902,0.9570373851784351,1.0,0.960847429608,0.9230769230769231,-52.4025,0.7361
19.0,5.0,19634.0,270970.0,525,0.029239766081871343,5.0,0.5263157894736842,0.0526315789474,0.10526315789473684,27.63157894736842,0.0014086963521472557,0.9813084112149533,0.982276233430621,1.0,0.991591882933,1.0,-32.2875,0.7370395
17.0,4.0,19634.0,270970.0,469,0.029411764705882353,4.0,0.47058823529411764,0.0,0.23529411764705882,27.58823529411765,0.0014063432377079904,0.9832285115303984,0.9840931854524597,1.0,0.977970082382,1.0,-29.145,0.6167365
8.0,2.0,19634.0,270970.0,170,0.07142857142857142,2.0,0.5,0.0,0.25,21.25,0.001082747375929889,0.9770114942528736,0.977325086059642,1.0,0.93108974359,1.0,-10.525,0.7403585
15.0,2.0,19634.0,270970.0,308,0.01904761904761905,2.0,0.26666666666666666,0.0,0.06666666666666667,20.533333333333335,0.0010466044820497138,0.9871794871794872,0.9877474971528571,1.0,0.985185185185,1.0,-19.0,0.3966305
6.0,2.0,19634.0,270970.0,52,0.13333333333333333,2.0,0.6666666666666666,0.0,0.16666666666666666,8.666666666666666,0.0004415460906188438,0.9285714285714286,0.9286673716550393,1.0,0.916666666667,1.0,-3.11,0.4117745
17.0,9.0,19634.0,270970.0,450,0.0661764705882353,9.0,1.0588235294117647,0.0,0.29411764705882354,26.470588235294116,0.00134936984428272,0.9615384615384616,0.962368150386706,1.0,0.957217879373,1.0,-27.525,0.528616
14.0,38.0,19634.0,270970.0,1764,0.4175824175824176,38.0,5.428571428571429,0.285714285714,0.42857142857142855,126.0,0.006422018348623854,0.9586956521739131,0.9619405181484397,1.0,0.960779127315,1.0,-107.95,0.6437425
11.0,5.0,19634.0,270970.0,1170,0.09090909090909091,5.0,0.9090909090909091,0.0909090909091,0.09090909090909091,106.36363636363636,0.0054203555197287045,0.9915254237288136,0.9936797231211907,1.0,0.996281922265,1.0,-72.64,0.91964
14.0,3.0,19634.0,270970.0,927,0.03296703296703297,3.0,0.42857142857142855,0.0,0.21428571428571427,66.21428571428571,0.0033748361730013107,0.9935691318327974,0.9952767512786592,1.0,0.996270091223,1.0,-57.5725,0.951353
8.0,2.0,19634.0,270970.0,396,0.07142857142857142,2.0,0.5,0.0,0.125,49.5,0.002522164475695506,0.99,0.9907301800373203,1.0,0.997607655502,1.0,-24.5425,0.889692
7.0,5.0,19634.0,270970.0,1147,0.23809523809523808,5.0,1.4285714285714286,0.0,0.42857142857142855,163.85714285714286,0.008348557744797619,0.9913569576490925,0.9934689970099935,1.0,0.982330139289,1.0,-71.03,0.556947
6.0,0.0,19634.0,270970.0,266,0.0,0.0,0.0,0.0,0.0,44.333333333333336,0.002258678078934855,1.0,1.0004905884479331,1.0,1.0,1.0,-16.7175,0.491005
14.0,8.0,19634.0,270970.0,511,0.08791208791208792,8.0,1.1428571428571428,0.0714285714286,0.21428571428571427,36.5,0.0018603465851172274,0.969639468690702,0.9705815170467262,1.0,0.985717473334,1.0,-31.5175,0.833912
17.0,6.0,19634.0,270970.0,931,0.04411764705882353,6.0,0.7058823529411765,0.0,0.29411764705882354,54.76470588235294,0.0027916962778382496,0.9872746553552492,0.9889896494881639,1.0,0.987709247291,1.0,-58.0225,0.8110415
19.0,7.0,19634.0,270970.0,587,0.04093567251461988,7.0,0.7368421052631579,0.0,0.15789473684210525,30.894736842105264,0.0015750566832579793,0.9767054908485857,0.9777874925702035,1.0,0.988058999876,1.0,-36.1725,0.579559
15.0,24.0,19634.0,270970.0,1678,0.22857142857142856,24.0,3.2,0.133333333333,0.6666666666666666,111.86666666666666,0.005701955587270843,0.9721900347624566,0.9752770336770398,1.0,0.966826818938,1.0,-103.02,0.921496
15.0,4.0,19634.0,270970.0,413,0.0380952380952381,4.0,0.5333333333333333,0.0,0.13333333333333333,27.533333333333335,0.0014034014645666615,0.9809976247030879,0.9817591325993532,1.0,0.989847410789,0.9333333333333333,-25.66,0.5235655
19.0,2.0,19634.0,270970.0,603,0.011695906432748537,2.0,0.21052631578947367,0.0,0.10526315789473684,31.736842105263158,0.0016179883816091337,0.9934102141680395,0.9945216550045508,1.0,0.998321631733,1.0,-37.6125,0.744954
18.0,9.0,19634.0,270970.0,466,0.058823529411764705,9.0,1.0,0.0,0.2777777777777778,25.88888888888889,0.001319784303063259,0.9628099173553719,0.963669080906188,1.0,0.959597422409,1.0,-28.045,0.860825
17.0,11.0,19634.0,270970.0,403,0.08088235294117647,11.0,1.2941176470588236,0.0,0.4117647058823529,23.705882352941178,0.0012084356605465247,0.9482352941176471,0.9489783964500296,1.0,0.870559960661,1.0,-24.6475,0.5898485
14.0,9.0,19634.0,270970.0,578,0.0989010989010989,9.0,1.2857142857142858,0.0,0.35714285714285715,41.285714285714285,0.0021042667831658655,0.9697986577181208,0.9708640955061393,1.0,0.950022283386,1.0,-35.27,0.893781
15.0,9.0,19634.0,270970.0,377,0.08571428571428572,9.0,1.2,0.0,0.3333333333333333,25.133333333333333,0.001281071070560851,0.9544303797468354,0.9551255681945368,1.0,0.871967955416,1.0,-22.8875,0.5267605
7.0,2.0,19634.0,270970.0,145,0.09523809523809523,2.0,0.5714285714285714,0.0,0.14285714285714285,20.714285714285715,0.0010553974481217565,0.9731543624161074,0.973421850116285,1.0,0.987878787879,0.8571428571428571,-8.8275,0.436832
17.0,2.0,19634.0,270970.0,342,0.014705882352941176,2.0,0.23529411764705882,0.0,0.11764705882352941,20.11764705882353,0.0010255210816548673,0.9884393063583815,0.9890699791867095,1.0,0.96547314578,1.0,-21.2125,0.649152
19.0,3.0,19634.0,270970.0,480,0.017543859649122806,3.0,0.3157894736842105,0.0,0.05263157894736842,25.263157894736842,0.0012879509505346338,0.9876543209876543,0.9885392538986779,1.0,0.983251854395,1.0,-29.7875,0.594498
7.0,5.0,19634.0,270970.0,785,0.23809523809523808,5.0,1.4285714285714286,0.0,0.42857142857142855,112.14285714285714,0.005713703426038475,0.9874213836477987,0.9888678150160123,1.0,0.985015909582,1.0,-48.365,0.892652
6.0,9.0,19634.0,270970.0,1335,0.6,9.0,3.0,0.166666666667,0.6666666666666666,222.5,0.01133584674954147,0.9866962305986696,0.9891536310555437,1.0,0.96692049728,1.0,-82.905,0.412848
12.0,2.0,19634.0,270970.0,467,0.030303030303030304,2.0,0.3333333333333333,0.0,0.08333333333333333,38.916666666666664,0.0019833180443719635,0.9915074309978769,0.9923684144363903,1.0,0.999055712937,1.0,-28.9125,0.565292
7.0,1.0,19634.0,270970.0,527,0.047619047619047616,1.0,0.2857142857142857,0.0,0.14285714285714285,75.28571428571429,0.0038358238286907978,0.996219281663516,0.9971907729117994,1.0,0.997818974918,1.0,-32.68,0.994726
13.0,48.0,19634.0,270970.0,2076,0.6153846153846154,48.0,7.384615384615385,0.307692307692,0.6923076923076923,159.69230769230768,0.008138846526288553,0.9558011049723757,0.9596178427279279,1.0,0.955097283072,1.0,-126.69749999999999,0.959798
18.0,2.0,19634.0,270970.0,149,0.013071895424836602,2.0,0.2222222222222222,0.0,0.05555555555555555,8.277777777777779,0.00042199111836142833,0.9738562091503268,0.9741310737933255,1.0,0.972222222222,1.0,-9.2825,0.4037805
16.0,6.0,19634.0,270970.0,893,0.05,6.0,0.75,0.0,0.3125,55.8125,0.002844963808747069,0.9867403314917127,0.9883854410213735,1.0,0.934731518656,1.0,-55.3875,0.559574
17.0,7.0,19634.0,270970.0,1093,0.051470588235294115,7.0,0.8235294117647058,0.0,0.23529411764705882,64.29411764705883,0.0032774694217800287,0.987353206865402,0.9893660277795873,1.0,0.985539945076,0.9411764705882353,-68.0,0.871264
9.0,6.0,19634.0,270970.0,380,0.16666666666666666,6.0,1.3333333333333333,0.0,0.3333333333333333,42.22222222222222,0.002151450813871196,0.9693877551020408,0.9700884639243337,1.0,0.95610670194,1.0,-23.1925,0.667783
15.0,23.0,19634.0,270970.0,2614,0.21904761904761905,23.0,3.066666666666667,0.133333333333,0.4666666666666667,174.26666666666668,0.008882545831421921,0.9827067669172932,0.9875074310030366,1.0,0.984947234357,1.0,-161.98,0.7949775
6.0,7.0,19634.0,270970.0,532,0.4666666666666667,7.0,2.3333333333333335,0.166666666667,0.5,88.66666666666667,0.00451735615786971,0.9743589743589743,0.9753396954470586,1.0,0.973396538102,1.0,-32.82,0.989755
18.0,18.0,19634.0,270970.0,1547,0.11764705882352941,18.0,2.0,0.0555555555556,0.2222222222222222,85.94444444444444,0.004381344027551206,0.9772583701831965,0.9801049929697955,1.0,0.992247078555,1.0,-95.4525,0.757943
9.0,3.0,19634.0,270970.0,256,0.08333333333333333,3.0,0.6666666666666666,0.0,0.2222222222222222,28.444444444444443,0.0014493984430290162,0.9770992366412213,0.9775713958474037,1.0,0.991452991453,1.0,-15.82,0.795467
7.0,0.0,19634.0,270970.0,190,0.0,0.0,0.0,0.0,0.0,27.142857142857142,0.0013829345871940258,1.0,1.0003504694445982,1.0,1.0,1.0,-11.9425,0.614878
5.0,0.0,19634.0,270970.0,46,0.0,0.0,0.0,0.0,0.0,9.2,0.0004686942788730959,1.0,1.000084873041001,1.0,1.0,1.0,-2.885,0.644764
7.0,15.0,19634.0,270970.0,729,0.7142857142857143,15.0,4.285714285714286,0.285714285714,0.42857142857142855,104.14285714285714,0.005306101652970762,0.9604743083003953,0.9618177428858194,1.0,0.976025625561,1.0,-44.4475,0.986289
8.0,13.0,19634.0,270970.0,849,0.4642857142857143,13.0,3.25,0.25,0.75,106.125,0.005407367777438092,0.9702857142857143,0.9718499329225779,1.0,0.970508669365,1.0,-52.4375,0.942068
6.0,2.0,19634.0,270970.0,287,0.13333333333333333,2.0,0.6666666666666666,0.0,0.3333333333333333,47.833333333333336,0.0024369947693770803,0.9862542955326461,0.9867835980520892,1.0,0.97149564051,1.0,-17.785,0.924761
8.0,8.0,19634.0,270970.0,747,0.2857142857142857,8.0,2.0,0.0,0.375,93.375,0.004757719351880159,0.9790301441677588,0.9804066688023901,1.0,0.954505779917,1.0,-46.0475,0.986344
15.0,43.0,19634.0,270970.0,2075,0.4095238095238095,43.0,5.733333333333333,0.2,0.7333333333333333,138.33333333333334,0.007050987987834922,0.960203609440074,0.9640184455675833,1.0,0.943223668069,1.0,-126.845,0.845346
6.0,1.0,19634.0,270970.0,239,0.06666666666666667,1.0,0.3333333333333333,0.0,0.16666666666666666,39.833333333333336,0.002029413762651994,0.991701244813278,0.9921420602665341,1.0,0.990990990991,1.0,-15.02,0.595192
10.0,0.0,19634.0,270970.0,203,0.0,0.0,0.0,0.0,0.0,20.3,0.001034447615165104,1.0,1.0003744399540342,1.0,1.0,1.0,-12.5975,0.553238
14.0,7.0,19634.0,270970.0,301,0.07692307692307693,7.0,1.0,0.0,0.2857142857142857,21.5,0.0010958205912334352,0.9555555555555556,0.9561106736149662,1.0,0.951076740765,1.0,-18.545,0.50937
10.0,1.0,19634.0,270970.0,842,0.022222222222222223,1.0,0.2,0.0,0.1,84.2,0.004290664492458214,0.9976303317535545,0.9991816048292022,1.0,0.99375,1.0,-52.515,0.677262
6.0,10.0,19634.0,270970.0,542,0.6666666666666666,10.0,3.3333333333333335,0.166666666667,0.5,90.33333333333333,0.004602268867604103,0.9644128113879004,0.9654119597153408,1.0,0.958828422199,1.0,-33.14,0.458776
15.0,126.0,19634.0,270970.0,5745,1.2,126.0,16.8,0.533333333333,0.6666666666666666,383.0,0.01952189204342729,0.9579789894947474,0.9684734244301642,1.0,0.954974377389,1.0,-350.6475,0.920834
13.0,5.0,19634.0,270970.0,782,0.0641025641025641,5.0,0.7692307692307693,0.0,0.23076923076923078,60.15384615384615,0.0030657890094208324,0.9873737373737373,0.9888146489437781,1.0,0.974329968674,1.0,-48.5325,0.8321965
8.0,2.0,19634.0,270970.0,233,0.07142857142857142,2.0,0.5,0.0,0.125,29.125,0.001484000815245083,0.9831223628691983,0.9835521181669007,1.0,0.983870967742,1.0,-14.32,0.759566
9.0,45.0,19634.0,270970.0,1003,1.25,45.0,10.0,0.222222222222,0.4444444444444444,111.44444444444444,0.005678697806086341,0.9176578225068619,0.9195054681862631,1.0,0.952637473121,1.0,-60.325,0.964375
12.0,230.0,19634.0,270970.0,5711,3.484848484848485,230.0,38.333333333333336,0.583333333333,0.75,475.9166666666667,0.02425423843984643,0.9254577864203533,0.9358947270864095,1.0,0.925756115746,1.0,-342.065,0.8579205
8.0,33.0,19634.0,270970.0,3361,1.1785714285714286,33.0,8.25,0.375,0.5,420.125,0.02140655253235504,0.9807411730376423,0.9869054875075498,1.0,0.983888905364,1.0,-207.8175,0.60097
8.0,5.0,19634.0,270970.0,1462,0.17857142857142858,5.0,1.25,0.0,0.5,182.75,0.009311627432997044,0.9932065217391305,0.9958970287764074,1.0,0.993576150581,1.0,-90.98,0.995553
10.0,33.0,19634.0,270970.0,3457,0.7333333333333333,33.0,6.6,0.3,0.6,345.7,0.017616184264166328,0.9812659665058189,0.987605235683621,1.0,0.97904238211,1.0,-214.09,0.989014
15.0,7.0,19634.0,270970.0,404,0.06666666666666667,7.0,0.9333333333333333,0.0,0.26666666666666666,26.933333333333334,0.001372818866065209,0.9665071770334929,0.9672521109298291,1.0,0.953848133848,1.0,-24.7225,0.821122
19.0,41.0,19634.0,270970.0,1727,0.23976608187134502,41.0,4.315789473684211,0.210526315789,0.5263157894736842,90.89473684210526,0.004633940190777734,0.9546710889994472,0.9578481450256436,1.0,0.894962122286,0.9473684210526315,-105.54,0.653907
17.0,5.0,19634.0,270970.0,655,0.03676470588235294,5.0,0.5882352941176471,0.0,0.23529411764705882,38.529411764705884,0.001964082773344848,0.9849624060150376,0.9861695901428701,1.0,0.945987902219,1.0,-40.555,0.3473375
19.0,201.0,19634.0,270970.0,1143,1.1754385964912282,201.0,21.157894736842106,0.789473684211,0.631578947368421,60.1578947368421,0.0030669332009605967,0.7398058252427184,0.7419120349681372,1.0,0.727841710876,0.9473684210526315,-60.3625,0.830323
15.0,160.0,19634.0,270970.0,951,1.5238095238095237,160.0,21.333333333333332,0.866666666667,0.6666666666666666,63.4,0.0032315612416534993,0.7482297403619197,0.7499825063593651,0.914893617021,0.68526253928,0.9333333333333333,-50.99250000000001,0.771551
9.0,83.0,19634.0,270970.0,953,2.3055555555555554,83.0,18.444444444444443,0.888888888889,0.6666666666666666,105.88888888888889,0.005395612172682237,0.8516532618409294,0.8534092091219749,0.919075144509,0.787194086677,0.8888888888888888,-54.9075,0.625384
10.0,17.0,19634.0,270970.0,1549,0.37777777777777777,17.0,3.4,0.2,0.6,154.9,0.007893395841826335,0.9785217940619078,0.981372076053977,1.0,0.964657026435,1.0,-96.0375,0.845293
16.0,34.0,19634.0,270970.0,2512,0.2833333333333333,34.0,4.25,0.1875,0.625,157.0,0.008002854521357936,0.9736434108527132,0.9782578006951773,1.0,0.969536066812,1.0,-154.685,0.800632
7.0,10.0,19634.0,270970.0,1821,0.47619047619047616,10.0,2.857142857142857,0.142857142857,0.5714285714285714,260.14285714285717,0.013254336227791163,0.9891363389462249,0.9924853598955371,1.0,0.986622030906,1.0,-113.135,0.997055
19.0,6.0,19634.0,270970.0,926,0.03508771929824561,6.0,0.631578947368421,0.0,0.2631578947368421,48.73684210526316,0.0024846720420730645,0.9872068230277186,0.9889126223770832,1.0,0.97611896138,1.0,-57.4,0.757321
12.0,20.0,19634.0,270970.0,1014,0.30303030303030304,20.0,3.3333333333333335,0.25,0.16666666666666666,84.5,0.004306390785852614,0.9620493358633776,0.9639170349833118,1.0,0.980368515703,1.0,-62.1375,0.635535
7.0,7.0,19634.0,270970.0,570,0.3333333333333333,7.0,2.0,0.142857142857,0.2857142857142857,81.42857142857143,0.004148803761582077,0.976027397260274,0.9770780962516029,1.0,0.988085054381,1.0,-35.305,0.365369
9.0,6.0,19634.0,270970.0,300,0.16666666666666666,6.0,1.3333333333333333,0.0,0.5555555555555556,33.333333333333336,0.0016985138004246285,0.9615384615384616,0.9620917343314563,1.0,0.937098948768,1.0,-18.125,0.728421
11.0,346.0,19634.0,270970.0,740,6.290909090909091,346.0,62.90909090909091,0.909090909091,0.8181818181818182,67.27272727272727,0.003428259046666018,0.5167597765363129,0.5181251204184653,1.0,0.502497205682,1.0,-31.33,0.687749
14.0,535.0,19634.0,270970.0,2464,5.8791208791208796,535.0,76.42857142857143,0.928571428571,1.0,176.0,0.008970438328236493,0.6972269383135258,0.7017619020743064,0.918918918919,0.663622185094,1.0,-126.38499999999999,0.988374
18.0,228.0,19634.0,270970.0,4787,1.4901960784313726,228.0,25.333333333333332,0.555555555556,0.6666666666666666,265.94444444444446,0.01355752673554468,0.9130268930001907,0.9217899428417529,1.0,0.914085930073,1.0,-285.0675,0.97559
18.0,112.0,19634.0,270970.0,3168,0.7320261437908496,112.0,12.444444444444445,0.388888888889,0.5,176.0,0.00897226753670473,0.9339622641509434,0.9397763456802231,1.0,0.908870202501,1.0,-190.6425,0.9146105
14.0,8.0,19634.0,270970.0,1815,0.08791208791208792,8.0,1.1428571428571428,0.0714285714286,0.14285714285714285,129.64285714285714,0.006607688947138489,0.9912616056799564,0.9945996042417663,1.0,0.998455020493,0.9285714285714286,-113.3,0.546003
7.0,1.0,19634.0,270970.0,145,0.047619047619047616,1.0,0.2857142857142857,0.0,0.14285714285714285,20.714285714285715,0.0010553974481217565,0.9863945578231292,0.9866620445364185,1.0,0.997378768021,1.0,-8.945,0.534224
6.0,0.0,19634.0,270970.0,482,0.0,0.0,0.0,0.0,0.0,80.33333333333333,0.004092792609197745,1.0,1.0008886070255263,1.0,1.0,1.0,-30.2675,0.792847
8.0,1.0,19634.0,270970.0,33,0.03571428571428571,1.0,0.25,0.0,0.125,4.125,0.0002101803729746255,0.9428571428571428,0.9429180317238903,1.0,0.985294117647,1.0,-1.9575,0.257099
19.0,10.0,19634.0,270970.0,2706,0.05847953216374269,10.0,1.0526315789473684,0.0526315789474,0.15789473684210525,142.42105263157896,0.007260823483638998,0.9926632428466617,0.9976317900698939,1.0,0.991656382821,1.0,-168.635,0.7565125
13.0,6.0,19634.0,270970.0,2478,0.07692307692307693,6.0,0.9230769230769231,0.0,0.15384615384615385,190.6153846153846,0.009714865940338649,0.9951807228915662,0.9997324728722792,1.0,0.995666365446,1.0,-154.94,0.701897
8.0,1.0,19634.0,270970.0,287,0.03571428571428571,1.0,0.25,0.0,0.125,35.875,0.0018279323346581066,0.9930795847750865,0.9936088853421943,1.0,0.995689655172,1.0,-17.9375,0.770411
7.0,5.0,19634.0,270970.0,646,0.23809523809523808,5.0,1.4285714285714286,0.0,0.42857142857142855,92.28571428571429,0.004701977596459688,0.9847560975609756,0.9859467141750536,1.0,0.986957178813,1.0,-40.01,0.99654
10.0,11.0,19634.0,270970.0,932,0.24444444444444444,11.0,2.2,0.1,0.4,93.2,0.00474928658785161,0.9769392033542977,0.9786560680498858,1.0,0.890925452987,1.0,-57.575,0.610344
10.0,1.0,19634.0,270970.0,611,0.022222222222222223,1.0,0.2,0.0,0.1,61.1,0.0031135344476151653,0.9967373572593801,0.9978635228223062,1.0,0.997113997114,0.9,-38.3625,0.672926
7.0,8.0,19634.0,270970.0,1565,0.38095238095238093,8.0,2.2857142857142856,0.142857142857,0.2857142857142857,223.57142857142858,0.011391013836624475,0.9898798228969007,0.992759365997129,1.0,0.996123573396,1.0,-97.6025,0.922806
8.0,4.0,19634.0,270970.0,431,0.14285714285714285,4.0,1.0,0.0,0.25,53.875,0.002745083053092836,0.9817767653758542,0.9825714361037615,1.0,0.987146307798,1.0,-26.5275,0.932896
9.0,4.0,19634.0,270970.0,1291,0.1111111111111111,4.0,0.8888888888888888,0.0,0.3333333333333333,143.44444444444446,0.007309271054493985,0.993841416474211,0.9962179726951368,1.0,0.980281366396,1.0,-80.1525,0.8741
15.0,123.0,19634.0,270970.0,3809,1.1714285714285715,123.0,16.4,0.266666666667,0.5333333333333333,253.93333333333334,0.012943235299114803,0.9393341553637484,0.9463167017475447,1.0,0.946968600037,1.0,-229.95999999999998,0.850036
12.0,10.0,19634.0,270970.0,1211,0.15151515151515152,10.0,1.6666666666666667,0.0,0.5,100.91666666666667,0.005143036727482757,0.983753046303818,0.9859827109703533,1.0,0.984953120699,1.0,-75.0675,0.935459
17.0,39.0,19634.0,270970.0,2368,0.2867647058823529,39.0,4.588235294117647,0.235294117647,0.4117647058823529,139.2941176470588,0.007100683980581069,0.9681112019623875,0.9724623035187149,1.0,0.97927654076,1.0,-145.49,0.981851
6.0,2.0,19634.0,270970.0,513,0.13333333333333333,2.0,0.6666666666666666,0.0,0.3333333333333333,85.5,0.0043560220093743635,0.9922630560928434,0.9932087671182117,1.0,0.995912579246,1.0,-31.6725,0.944443
11.0,6.0,19634.0,270970.0,882,0.10909090909090909,6.0,1.0909090909090908,0.0,0.2727272727272727,80.18181818181819,0.004086114161026254,0.9865771812080537,0.988202059157981,1.0,0.985655614458,1.0,-54.7225,0.605142
15.0,7.0,19634.0,270970.0,785,0.06666666666666667,7.0,0.9333333333333333,0.0,0.3333333333333333,52.333333333333336,0.0026674822026267054,0.9824780976220275,0.9839245396510264,1.0,0.992124114887,1.0,-48.7625,0.8538655
5.0,3.0,19634.0,270970.0,206,0.3,3.0,1.2,0.0,0.4,41.2,0.002098935248866473,0.9716981132075472,0.9720780888595928,1.0,0.971740161214,1.0,-12.675,0.997028
11.0,6.0,19634.0,270970.0,445,0.10909090909090909,6.0,1.0909090909090908,0.0,0.2727272727272727,40.45454545454545,0.0020615882104951053,0.973741794310722,0.9745622628812446,1.0,0.962432967577,1.0,-27.26,0.6756295
12.0,17.0,19634.0,270970.0,431,0.25757575757575757,17.0,2.8333333333333335,0.0833333333333,0.16666666666666666,35.916666666666664,0.0018304284306730541,0.9268817204301075,0.9276764292550632,1.0,0.980987654321,1.0,-25.76,0.712642
11.0,25.0,19634.0,270970.0,2127,0.45454545454545453,25.0,4.545454545454546,0.0909090909091,0.5454545454545454,193.36363636363637,0.009853928367917054,0.9770326136885622,0.9809424179777664,1.0,0.948981995277,1.0,-131.1575,0.912607
6.0,1.0,19634.0,270970.0,169,0.06666666666666667,1.0,0.3333333333333333,0.0,0.16666666666666666,28.166666666666668,0.0014350247945112424,0.9883040935672515,0.9886158401412672,1.0,0.987179487179,1.0,-10.535,0.6548035
6.0,4.0,19634.0,270970.0,334,0.26666666666666666,4.0,1.3333333333333333,0.166666666667,0.16666666666666666,55.666666666666664,0.0028360845051287275,0.9766081871345029,0.9772241210119726,1.0,0.993091537133,1.0,-20.5075,0.827635
14.0,3.0,19634.0,270970.0,1043,0.03296703296703297,3.0,0.42857142857142855,0.0,0.07142857142857142,74.5,0.003797145769622834,0.994280266920877,0.9962011585976883,1.0,0.995283446712,1.0,-65.215,0.747359
15.0,8.0,19634.0,270970.0,1348,0.0761904761904762,8.0,1.0666666666666667,0.0666666666667,0.2,89.86666666666666,0.004580593642217579,0.9882697947214076,0.9907510564098436,1.0,0.994521701352,1.0,-83.69,0.7807925
7.0,10.0,19634.0,270970.0,555,0.47619047619047616,10.0,2.857142857142857,0.285714285714,0.42857142857142855,79.28571428571429,0.004039624715224654,0.9652173913043478,0.9662404799259433,1.0,0.980427646378,1.0,-33.78,0.575289
17.0,14.0,19634.0,270970.0,962,0.10294117647058823,14.0,1.6470588235294117,0.0588235294118,0.35294117647058826,56.588235294117645,0.0028846528671110593,0.9717171717171718,0.9734892219535065,1.0,0.979511433545,0.9411764705882353,-58.9325,0.859529
16.0,3.0,19634.0,270970.0,660,0.025,3.0,0.375,0.0,0.1875,41.25,0.0021026608216943624,0.990990990990991,0.9922073700884377,1.0,0.992112896958,1.0,-41.12,0.828211
16.0,2.0,19634.0,270970.0,128,0.016666666666666666,2.0,0.25,0.0,0.0,8.0,0.0004077887654195127,0.9696969696969697,0.9699331041755552,1.0,0.975568181818,1.0,-7.845000000000001,0.5389315
16.0,10.0,19634.0,270970.0,1670,0.08333333333333333,10.0,1.25,0.0625,0.125,104.375,0.0053203690488327045,0.9881656804733728,0.9912378488355575,1.0,0.979243981197,1.0,-103.7175,0.641359
13.0,73.0,19634.0,270970.0,3861,0.9358974358974359,73.0,11.23076923076923,0.307692307692,0.6153846153846154,297.0,0.015136843178227409,0.9635637634140255,0.97063966302092,1.0,0.965618531819,1.0,-237.1775,0.7917985
6.0,52.0,19634.0,270970.0,2384,3.466666666666667,52.0,17.333333333333332,0.166666666667,0.6666666666666666,397.3333333333333,0.0202431900006793,0.9581993569131833,0.9625799382957124,1.0,0.949631609765,1.0,-145.97,0.713832
6.0,15.0,19634.0,270970.0,846,1.0,15.0,5.0,0.333333333333,0.6666666666666666,141.0,0.007183615243529651,0.9657534246575342,0.967312136122723,1.0,0.958271957863,1.0,-51.6725,0.99641
9.0,61.0,19634.0,270970.0,786,1.6944444444444444,61.0,13.555555555555555,0.444444444444,0.8888888888888888,87.33333333333333,0.004450106157112527,0.8656387665198237,0.8670873367478353,1.0,0.864689859114,1.0,-45.4025,0.994547
16.0,6.0,19634.0,270970.0,590,0.05,6.0,0.75,0.0,0.3125,36.875,0.0018796513406055663,0.9800664451827242,0.9811539667027476,1.0,0.939156388362,1.0,-36.52,0.6779105
9.0,66.0,19634.0,270970.0,3432,1.8333333333333333,66.0,14.666666666666666,0.222222222222,0.3333333333333333,381.3333333333333,0.019430997876857748,0.9629629629629629,0.9692574387901216,1.0,0.975582014499,1.0,-210.5825,0.938355
16.0,15.0,19634.0,270970.0,991,0.125,15.0,1.875,0.0625,0.5,61.9375,0.0031571770822713834,0.970617042115573,0.9724424209599664,1.0,0.966936464204,1.0,-61.0975,0.910186
18.0,556.0,19634.0,270970.0,7035,3.633986928104575,556.0,61.77777777777778,0.388888888889,0.6111111111111112,390.8333333333333,0.01992421152800435,0.8635080397692402,0.8763488412104764,1.0,0.947476615446,1.0,-406.35249999999996,0.9828875
17.0,46.0,19634.0,270970.0,1098,0.3382352941176471,46.0,5.411764705882353,0.352941176471,0.47058823529411764,64.58823529411765,0.003292462420049837,0.9226890756302522,0.9247113761905289,1.0,0.923082932587,1.0,-65.815,0.92561
17.0,44.0,19634.0,270970.0,883,0.3235294117647059,44.0,5.176470588235294,0.352941176471,0.5294117647058824,51.94117647058823,0.0026477634944480927,0.9093717816683831,0.9109987266783788,1.0,0.921004094047,1.0,-52.2425,0.896285
7.0,1.0,19634.0,270970.0,649,0.047619047619047616,1.0,0.2857142857142857,0.0,0.14285714285714285,92.71428571428571,0.004723813405731172,0.9969278033794163,0.9981239249230582,1.0,0.995024875622,0.8571428571428571,-40.6325,0.385351
18.0,2.0,19634.0,270970.0,387,0.013071895424836602,2.0,0.2222222222222222,0.0,0.1111111111111111,21.5,0.0010960440456769984,0.989769820971867,0.99048341785048,1.0,0.981967787115,0.9444444444444444,-24.0325,0.737498
19.0,14.0,19634.0,270970.0,991,0.08187134502923976,14.0,1.4736842105263157,0.0526315789474,0.2631578947368421,52.1578947368421,0.0026590820666246295,0.97252208047105,0.9743474525909315,1.0,0.973235962821,1.0,-60.89,0.8172645
19.0,9.0,19634.0,270970.0,1265,0.05263157894736842,9.0,0.9473684210526315,0.0526315789474,0.21052631578947367,66.57894736842105,0.0033942874008881497,0.9859703819173812,0.9882992299936422,1.0,0.988289767449,1.0,-78.525,0.9023615
10.0,6.0,19634.0,270970.0,402,0.13333333333333333,6.0,1.2,0.0,0.3,40.2,0.0020485120260905014,0.9710144927536232,0.9717557388583933,1.0,0.978357425253,1.0,-24.8225,0.668511
9.0,11.0,19634.0,270970.0,366,0.3055555555555556,11.0,2.4444444444444446,0.111111111111,0.5555555555555556,40.666666666666664,0.002072186836518047,0.9432989690721649,0.9439738921751885,1.0,0.903453830379,1.0,-22.03,0.3932655
8.0,3.0,19634.0,270970.0,144,0.10714285714285714,3.0,0.75,0.0,0.25,18.0,0.0009171507184347294,0.96,0.9602656444275547,1.0,0.950653120464,0.875,-8.79,0.308568
12.0,3.0,19634.0,270970.0,424,0.045454545454545456,3.0,0.5,0.0,0.25,35.333333333333336,0.001800699894676044,0.986046511627907,0.9868282830777612,1.0,0.989665424624,1.0,-26.375,0.7605135
12.0,240.0,19634.0,270970.0,1130,3.6363636363636362,240.0,40.0,0.75,0.6666666666666666,94.16666666666667,0.004799035096660211,0.7018633540372671,0.7039459578449303,1.0,0.75233565421,1.0,-58.6525,0.99479
10.0,9.0,19634.0,270970.0,267,0.2,9.0,1.8,0.0,0.4,26.7,0.0013605788830004077,0.9368421052631579,0.9373345534684885,1.0,0.882499893694,0.9,-16.16,0.688929
8.0,14.0,19634.0,270970.0,705,0.5,14.0,3.5,0.125,0.375,88.125,0.004490217059003363,0.9618008185538881,0.9631000775155498,1.0,0.983274941002,1.0,-43.105,0.97157
12.0,3.0,19634.0,270970.0,776,0.045454545454545456,3.0,0.5,0.0,0.08333333333333333,64.66666666666667,0.003295620561954269,0.9923273657289002,0.9937572269807659,1.0,0.996256768548,1.0,-48.1125,0.663621
16.0,66.0,19634.0,270970.0,2953,0.55,66.0,8.25,0.125,0.4375,184.5625,0.009407814252217352,0.9572123176661265,0.9626330434522969,1.0,0.967958731551,1.0,-180.5275,0.5706495
8.0,3.0,19634.0,270970.0,294,0.10714285714285714,3.0,0.75,0.0,0.25,36.75,0.0018725160501375725,0.98,0.9805422073371349,1.0,0.992999278714,0.875,-18.1525,0.651938
16.0,3.0,19634.0,270970.0,354,0.025,3.0,0.375,0.0,0.1875,22.125,0.0011277908043633399,0.9833333333333333,0.9839861229949153,1.0,0.97968426501,1.0,-21.845,0.5340785
7.0,1.0,19634.0,270970.0,815,0.047619047619047616,1.0,0.2857142857142857,0.0,0.14285714285714285,116.42857142857143,0.0059320615187533204,0.9975520195838433,0.9990536234441628,1.0,0.999622071051,1.0,-51.1625,0.559795
9.0,8.0,19634.0,270970.0,645,0.2222222222222222,8.0,1.7777777777777777,0.111111111111,0.3333333333333333,71.66666666666667,0.0036518046709129513,0.9757942511346445,0.9769830400260113,1.0,0.96825485452,1.0,-39.87,0.817341
11.0,10.0,19634.0,270970.0,329,0.18181818181818182,10.0,1.8181818181818181,0.181818181818,0.2727272727272727,29.90909090909091,0.0015241854410177297,0.9426934097421203,0.9433001420735769,1.0,0.959804964195,1.0,-19.8325,0.4725135
13.0,2.0,19634.0,270970.0,393,0.02564102564102564,2.0,0.3076923076923077,0.0,0.15384615384615385,30.23076923076923,0.0015407353973176307,0.9899244332493703,0.9906490856282768,1.0,0.994376212023,1.0,-24.2775,0.5971375
18.0,7.0,19634.0,270970.0,609,0.0457516339869281,7.0,0.7777777777777778,0.0,0.2222222222222222,33.833333333333336,0.0017247824904839586,0.9775280898876404,0.9786505981129162,1.0,0.965436612683,1.0,-37.7225,0.7887095
7.0,1.0,19634.0,270970.0,305,0.047619047619047616,1.0,0.2857142857142857,0.0,0.14285714285714285,43.57142857142857,0.002219973942600936,0.993485342019544,0.9940478204655543,1.0,0.99843871975,1.0,-18.97,0.605434
7.0,6.0,19634.0,270970.0,452,0.2857142857142857,6.0,1.7142857142857142,0.142857142857,0.2857142857142857,64.57142857142857,0.0032899285969036824,0.9741379310344828,0.9749712950965794,1.0,0.987217332431,1.0,-27.7225,0.849079
18.0,2.0,19634.0,270970.0,1031,0.013071895424836602,2.0,0.2222222222222222,0.0,0.05555555555555555,57.27777777777778,0.0029199519666485408,0.996135265700483,0.998034091964326,1.0,0.996472663139,1.0,-64.2975,0.609225
16.0,8.0,19634.0,270970.0,742,0.06666666666666667,8.0,1.0,0.0,0.25,46.375,0.0023639004995412377,0.978891820580475,0.9802591441275555,1.0,0.980479502848,1.0,-46.0725,0.5789065
8.0,2.0,19634.0,270970.0,186,0.07142857142857142,2.0,0.5,0.0,0.25,23.25,0.0011846530113115254,0.9789473684210527,0.9792904646244903,1.0,0.96813655761,0.625,-11.485,0.246556
12.0,8.0,19634.0,270970.0,1167,0.12121212121212122,8.0,1.3333333333333333,0.0,0.3333333333333333,97.25,0.0049561716440729795,0.9864750633981403,0.9886238745550182,1.0,0.926304991805,1.0,-72.2775,0.240436
11.0,11.0,19634.0,270970.0,591,0.2,11.0,2.0,0.0,0.5454545454545454,53.72727272727273,0.00273797445483732,0.964110929853181,0.9652003127021291,1.0,0.938434596795,1.0,-36.1175,0.71282
9.0,6.0,19634.0,270970.0,958,0.16666666666666666,6.0,1.3333333333333333,0.0,0.3333333333333333,106.44444444444444,0.005423920736022647,0.9876288659793815,0.9893935090167779,1.0,0.907160043274,1.0,-59.7325,0.197024
7.0,2.0,19634.0,270970.0,238,0.09523809523809523,2.0,0.5714285714285714,0.0,0.2857142857142857,34.0,0.0017323075355377797,0.9834710743801653,0.9839100478462481,1.0,0.940306122449,1.0,-14.7275,0.517915
11.0,0.0,19634.0,270970.0,223,0.0,0.0,0.0,0.0,0.0,20.272727272727273,0.0010331104964953,1.0,1.0004113154162124,1.0,1.0,1.0,-13.71,0.6201825
13.0,8.0,19634.0,270970.0,514,0.10256410256410256,8.0,1.2307692307692308,0.0769230769231,0.3076923076923077,39.53846153846154,0.002015109400054102,0.969811320754717,0.9707588944866458,1.0,0.984250092169,1.0,-31.415,0.9033285
19.0,23.0,19634.0,270970.0,1743,0.13450292397660818,23.0,2.4210526315789473,0.0526315789474,0.5789473684210527,91.73684210526316,0.004676871889128889,0.9742873113471213,0.9774934948850336,1.0,0.968203851659,1.0,-107.4,0.992772
10.0,16.0,19634.0,270970.0,1108,0.35555555555555557,16.0,3.2,0.2,0.5,110.8,0.005646147574398695,0.9719298245614035,0.973970280091259,1.0,0.956819636963,1.0,-68.2175,0.518907
9.0,1.0,19634.0,270970.0,742,0.027777777777777776,1.0,0.2222222222222222,0.0,0.1111111111111111,82.44444444444444,0.004200990799716914,0.9973118279569892,0.9986791162300046,1.0,0.999596692882,1.0,-46.31,0.6008425
9.0,0.0,19634.0,270970.0,169,0.0,0.0,0.0,0.0,0.0,18.77777777777778,0.0009568294409058741,1.0,1.0003117454238908,1.0,1.0,1.0,-10.6575,0.6622515
8.0,9.0,19634.0,270970.0,1106,0.32142857142857145,9.0,2.25,0.125,0.25,138.25,0.00704422704575563,0.9839857651245552,0.9860224925124614,1.0,0.995169911877,1.0,-68.5975,0.763247
8.0,3.0,19634.0,270970.0,217,0.10714285714285714,3.0,0.75,0.0,0.25,27.125,0.0013820951798634465,0.9730941704035875,0.9734944278964262,1.0,0.982732732733,1.0,-13.2875,0.278156
10.0,3.0,19634.0,270970.0,771,0.06666666666666667,3.0,0.6,0.0,0.2,77.1,0.003928862617203425,0.9922779922779923,0.993698653594914,1.0,0.99555539094,1.0,-48.02,0.692805
9.0,3.0,19634.0,270970.0,262,0.08333333333333333,3.0,0.6666666666666666,0.0,0.2222222222222222,29.11111111111111,0.0014833687190375089,0.9776119402985075,0.9780951603886594,1.0,0.983925101572,1.0,-16.15,0.875822
6.0,1.0,19634.0,270970.0,311,0.06666666666666667,1.0,0.3333333333333333,0.0,0.16666666666666666,51.833333333333336,0.0026407852727396235,0.9936102236421726,0.9941837608916649,1.0,0.998207885305,1.0,-19.4275,0.475625
8.0,6.0,19634.0,270970.0,491,0.21428571428571427,6.0,1.5,0.0,0.375,61.375,0.0031272291857739735,0.9761431411530815,0.9770483454324301,1.0,0.975354962344,0.875,-30.305,0.332917
6.0,2.0,19634.0,270970.0,213,0.13333333333333333,2.0,0.6666666666666666,0.0,0.16666666666666666,35.5,0.0018086407173425719,0.9815668202764977,0.9819597012003766,1.0,0.992337164751,1.0,-13.4025,0.796045
8.0,2.0,19634.0,270970.0,238,0.07142857142857142,2.0,0.5,0.0,0.125,29.75,0.0015158463263018444,0.9834710743801653,0.9839100478462481,1.0,0.9375,1.0,-14.82,0.941034
18.0,16.0,19634.0,270970.0,627,0.10457516339869281,16.0,1.7777777777777777,0.111111111111,0.4444444444444444,34.833333333333336,0.0017757612833061447,0.9514415781487102,0.9525972639569991,1.0,0.947425763342,1.0,-38.24,0.7758405
6.0,1.0,19634.0,270970.0,148,0.06666666666666667,1.0,0.3333333333333333,0.0,0.16666666666666666,24.666666666666668,0.0012567081040690171,0.9866666666666667,0.986939686076871,1.0,0.992424242424,1.0,-9.0625,0.723098
14.0,5.0,19634.0,270970.0,775,0.054945054945054944,5.0,0.7142857142857143,0.0,0.21428571428571427,55.357142857142854,0.0028214649774282803,0.9872611464968153,0.9886891783004655,1.0,0.971652787778,1.0,-48.17,0.895012
11.0,0.0,19634.0,270970.0,117,0.0,0.0,0.0,0.0,0.0,10.636363636363637,0.0005420355519728705,1.0,1.000215844459162,1.0,1.0,1.0,-7.265,0.466956
14.0,1.0,19634.0,270970.0,412,0.01098901098901099,1.0,0.14285714285714285,0.0,0.07142857142857142,29.428571428571427,0.0014999271880005824,0.9951690821256038,0.9959287391736356,1.0,0.995726495726,0.9285714285714286,-25.6525,0.6379225
10.0,3.0,19634.0,270970.0,174,0.06666666666666667,3.0,0.6,0.0,0.2,17.4,0.000886669384427232,0.9666666666666667,0.9669876359200258,1.0,0.975642308976,0.9,-10.6425,0.428327
18.0,4.0,19634.0,270970.0,402,0.026143790849673203,4.0,0.4444444444444444,0.0,0.16666666666666666,22.333333333333332,0.00113852637302882,0.9804878048780488,0.981229045515737,1.0,0.990274751876,1.0,-24.74,0.640204
8.0,72.0,19634.0,270970.0,1319,2.5714285714285716,72.0,18.0,0.5,0.625,164.875,0.008400845816773668,0.9015721120984279,0.9040006953634823,1.0,0.91164687709,0.875,-77.82,0.585316
11.0,4.0,19634.0,270970.0,641,0.07272727272727272,4.0,0.7272727272727273,0.0,0.18181818181818182,58.27272727272727,0.002969613579612051,0.987673343605547,0.9888547514529703,1.0,0.994072434846,1.0,-39.7925,0.4535045
9.0,13.0,19634.0,270970.0,369,0.3611111111111111,13.0,2.888888888888889,0.111111111111,0.4444444444444444,41.0,0.002089171974522293,0.9341772151898734,0.9348576717042764,1.0,0.905883549453,1.0,-22.2375,0.933811
10.0,16.0,19634.0,270970.0,709,0.35555555555555557,16.0,3.2,0.1,0.4,70.9,0.003612922951487974,0.9568151147098516,0.9581217453535653,1.0,0.899139657549,1.0,-43.06,0.941724
13.0,0.0,19634.0,270970.0,673,0.0,0.0,0.0,0.0,0.0,51.76923076923077,0.0026384603623276475,1.0,1.0012402946483037,1.0,1.0,1.0,-42.0925,0.6491295
13.0,13.0,19634.0,270970.0,1872,0.16666666666666666,13.0,2.0,0.0769230769231,0.3076923076923077,144.0,0.0073390754803526834,0.9863013698630136,0.9897439005644293,1.0,0.974569672573,1.0,-116.6075,0.703352
7.0,8.0,19634.0,270970.0,119,0.38095238095238093,8.0,2.2857142857142856,0.142857142857,0.5714285714285714,17.0,0.0008661537677688898,0.8814814814814815,0.881701021259691,1.0,0.793393740762,1.0,-7.0024999999999995,0.2510755
6.0,3.0,19634.0,270970.0,140,0.2,3.0,1.0,0.0,0.5,23.333333333333332,0.0011887779362815027,0.958904109589041,0.9591623769104769,1.0,0.950029708853,1.0,-8.535,0.901912
13.0,7.0,19634.0,270970.0,541,0.08974358974358974,7.0,1.0769230769230769,0.0769230769231,0.23076923076923078,41.61538461538461,0.0021209614502514964,0.9747747747747748,0.9757720704628075,1.0,0.969575522517,1.0,-33.17,0.5060495
18.0,14.0,19634.0,270970.0,1361,0.0915032679738562,14.0,1.5555555555555556,0.0555555555556,0.16666666666666666,75.61111111111111,0.003854563168388617,0.9798416126709864,0.9823467988296948,1.0,0.984456307132,0.8888888888888888,-84.6175,0.496934
9.0,1.0,19634.0,270970.0,167,0.027777777777777776,1.0,0.2222222222222222,0.0,0.1111111111111111,18.555555555555557,0.0009455060155697098,0.9881656804733728,0.988473738875343,1.0,0.977777777778,1.0,-10.365,0.867349
13.0,4.0,19634.0,270970.0,832,0.05128205128205128,4.0,0.6153846153846154,0.0,0.3076923076923077,64.0,0.0032618113246011926,0.9904761904761905,0.9920090850675783,1.0,0.995588972287,1.0,-51.5,0.880346
19.0,9.0,19634.0,270970.0,521,0.05263157894736842,9.0,0.9473684210526315,0.0,0.21052631578947367,27.42105263157895,0.0013979634275594671,0.9666048237476809,0.967565293326973,1.0,0.970325696944,1.0,-32.0375,0.578555
12.0,5.0,19634.0,270970.0,727,0.07575757575757576,5.0,0.8333333333333334,0.0,0.25,60.583333333333336,0.003087520809975198,0.9864314789687924,0.9877711834229872,1.0,0.990048933684,1.0,-45.1425,0.6525085
18.0,3.0,19634.0,270970.0,323,0.0196078431372549,3.0,0.3333333333333333,0.0,0.16666666666666666,17.944444444444443,0.0009147861156425593,0.9817629179331308,0.9823585764492956,1.0,0.98258377425,1.0,-19.6975,0.448177
18.0,9.0,19634.0,270970.0,1320,0.058823529411764705,9.0,1.0,0.0555555555556,0.2222222222222222,73.33333333333333,0.0037384448069603046,0.9865470852017937,0.9889769415089276,1.0,0.992385886026,1.0,-81.87,0.8506275
6.0,4.0,19634.0,270970.0,51,0.26666666666666666,4.0,1.3333333333333333,0.0,0.3333333333333333,8.5,0.00043305481964540455,0.864406779661017,0.8645008785534176,1.0,0.88253968254,1.0,-2.875,0.66887
11.0,7.0,19634.0,270970.0,459,0.12727272727272726,7.0,1.2727272727272727,0.0909090909091,0.18181818181818182,41.72727272727273,0.00212644716543203,0.9704016913319239,0.9712479536732497,1.0,0.982873665175,1.0,-28.2025,0.627637
9.0,0.0,19634.0,270970.0,138,0.0,0.0,0.0,0.0,0.0,15.333333333333334,0.0007813163481953291,1.0,1.0002545759097399,1.0,1.0,1.0,-8.635,0.3044735
4.0,0.0,19634.0,270970.0,35,0.0,0.0,0.0,0.0,0.0,8.75,0.000445746306673459,1.0,1.0000645786244753,1.0,1.0,1.0,-2.135,0.4576805
11.0,3.0,19634.0,270970.0,781,0.05454545454545454,3.0,0.5454545454545454,0.0,0.09090909090909091,71.0,0.0036182031289812974,0.9923761118170267,0.9938151728343193,1.0,0.996974276368,1.0,-48.585,0.531801
11.0,2.0,19634.0,270970.0,333,0.03636363636363636,2.0,0.36363636363636365,0.0,0.18181818181818182,30.272727272727273,0.0015427165709997082,0.9881305637982196,0.9887446501649491,1.0,0.98880298587,1.0,-20.6675,0.8715
6.0,13.0,19634.0,270970.0,643,0.8666666666666667,13.0,4.333333333333333,0.166666666667,0.8333333333333334,107.16666666666667,0.0054598872359214725,0.9611360239162929,0.9623211528520546,1.0,0.712084199584,1.0,-39.2375,0.261564
6.0,5.0,19634.0,270970.0,129,0.3333333333333333,5.0,1.6666666666666667,0.166666666667,0.3333333333333333,21.5,0.0010953739555736703,0.9280575539568345,0.9282955354311759,1.0,0.963636363636,0.6666666666666666,-7.795,0.397075
7.0,1.0,19634.0,270970.0,642,0.047619047619047616,1.0,0.2857142857142857,0.0,0.14285714285714285,91.71428571428571,0.004672863184097708,0.9968944099378882,0.9980776455897736,1.0,0.99868938401,1.0,-40.125,0.717381
17.0,3.0,19634.0,270970.0,364,0.022058823529411766,3.0,0.35294117647058826,0.0,0.17647058823529413,21.41176470588235,0.0010914902740420224,0.9837837837837838,0.9844550014537734,1.0,0.980879308245,1.0,-22.6425,0.556383
8.0,3.0,19634.0,270970.0,266,0.10714285714285714,3.0,0.75,0.0,0.25,33.25,0.0016941811882197086,0.9779411764705882,0.9784317703473865,1.0,0.986772486772,1.0,-16.475,0.88923
8.0,4.0,19634.0,270970.0,182,0.14285714285714285,4.0,1.0,0.0,0.25,22.75,0.0011591766024661163,0.9578947368421052,0.9582304595867678,1.0,0.969575200918,1.0,-10.975,0.688284
6.0,4.0,19634.0,270970.0,299,0.26666666666666666,4.0,1.3333333333333333,0.0,0.16666666666666666,49.833333333333336,0.002538890021058352,0.9739413680781759,0.9744927935776402,1.0,0.967884545122,0.8333333333333334,-18.42,0.387793
6.0,4.0,19634.0,270970.0,458,0.26666666666666666,4.0,1.3333333333333333,0.0,0.5,76.33333333333333,0.0038890021058352016,0.9828326180257511,0.9836770288740336,1.0,0.959634521246,1.0,-28.53,0.912242
6.0,3.0,19634.0,270970.0,330,0.2,3.0,1.0,0.0,0.16666666666666666,55.0,0.0028021194212349706,0.9821428571428571,0.9827514168112105,1.0,0.994923857868,1.0,-20.45,0.45664
11.0,5.0,19634.0,270970.0,726,0.09090909090909091,5.0,0.9090909090909091,0.0,0.2727272727272727,66.0,0.0033634000917290934,0.9864130434782609,0.9877509076131824,1.0,0.947561470787,1.0,-44.755,0.635835
7.0,7.0,19634.0,270970.0,94,0.3333333333333333,7.0,2.0,0.142857142857,0.42857142857142855,13.428571428571429,0.000684188690506518,0.8703703703703703,0.8705437957052289,1.0,0.873015873016,1.0,-5.515,0.4787255
8.0,0.0,19634.0,270970.0,73,0.0,0.0,0.0,0.0,0.0,9.125,0.000464944461428717,1.0,1.0001346831164566,1.0,1.0,1.0,-4.67,0.822567
15.0,10.0,19634.0,270970.0,849,0.09523809523809523,10.0,1.3333333333333333,0.0666666666667,0.13333333333333333,56.6,0.0028849584586370354,0.9769850402761795,0.9785492416215031,1.0,0.993438274808,1.0,-52.4375,0.6493955
7.0,1.0,19634.0,270970.0,254,0.047619047619047616,1.0,0.2857142857142857,0.0,0.14285714285714285,36.285714285714285,0.0018487651849856976,0.9921875,0.9926559687343229,1.0,0.904761904762,1.0,-15.96,0.590961
9.0,3.0,19634.0,270970.0,99,0.08333333333333333,3.0,0.6666666666666666,0.0,0.2222222222222222,11.0,0.0005605095541401274,0.9428571428571428,0.9430397885632161,1.0,0.929435483871,0.8888888888888888,-6.06,0.3520445
9.0,4.0,19634.0,270970.0,240,0.1111111111111111,4.0,0.8888888888888888,0.0,0.3333333333333333,26.666666666666668,0.0013588110403397028,0.967741935483871,0.9681845994355321,1.0,0.952991452991,1.0,-14.475,0.569031
8.0,29.0,19634.0,270970.0,3591,1.0357142857142858,29.0,7.25,0.125,0.375,448.875,0.022871446040966064,0.9841052343107701,0.990688511576556,1.0,0.983772729266,1.0,-223.4125,0.946415
8.0,28.0,19634.0,270970.0,3290,1.0,28.0,7.0,0.375,0.375,411.25,0.020954346275349027,0.9832635983263598,0.9892983688766795,1.0,0.972015171305,1.0,-203.4475,0.810739
19.0,4.0,19634.0,270970.0,326,0.023391812865497075,4.0,0.42105263157894735,0.0,0.15789473684210525,17.157894736842106,0.0008747333539047722,0.9760479041916168,0.9766490940311396,1.0,0.991460794844,1.0,-20.0475,0.465794
12.0,50.0,19634.0,270970.0,3247,0.7575757575757576,50.0,8.333333333333334,0.0833333333333,0.3333333333333333,270.5833333333333,0.013789793768898856,0.9701224977591874,0.9760793450147631,1.0,0.986240322147,1.0,-199.55,0.986724
17.0,15.0,19634.0,270970.0,866,0.11029411764705882,15.0,1.7647058823529411,0.0588235294118,0.35294117647058826,50.94117647058823,0.0025967873003307457,0.9665178571428571,0.9681133587862606,1.0,0.923721467487,1.0,-53.44,0.809566
9.0,14.0,19634.0,270970.0,648,0.3888888888888889,14.0,3.111111111111111,0.111111111111,0.7777777777777778,72.0,0.0036687898089171975,0.9585798816568047,0.9597742196102108,1.0,0.870312075203,1.0,-39.695,0.660175
16.0,4.0,19634.0,270970.0,1071,0.03333333333333333,4.0,0.5,0.0,0.1875,66.9375,0.0034120450606585787,0.9925857275254866,0.9945580923190512,1.0,0.988955026455,1.0,-66.7575,0.5353115
13.0,7.0,19634.0,270970.0,1140,0.08974358974358974,7.0,1.0769230769230769,0.0769230769231,0.23076923076923078,87.6923076923077,0.004469308786112211,0.9878682842287695,0.9899674765921287,1.0,0.977828373177,1.0,-70.8325,0.983909
11.0,5.0,19634.0,270970.0,946,0.09090909090909091,5.0,0.9090909090909091,0.0,0.09090909090909091,86.0,0.00438261224073791,0.9895397489539749,0.991282320001507,1.0,0.982964345335,1.0,-58.8925,0.879036
10.0,6.0,19634.0,270970.0,952,0.13333333333333333,6.0,1.2,0.0,0.3,95.2,0.0048512026090501426,0.9875518672199171,0.989305477594217,1.0,0.98738815699,1.0,-59.09,0.64786
8.0,1.0,19634.0,270970.0,791,0.03571428571428571,1.0,0.25,0.0,0.0,98.875,0.00503795984917966,0.9974779319041615,0.9989353812020615,1.0,0.998485634074,1.0,-49.24,0.857238
13.0,0.0,19634.0,270970.0,418,0.0,0.0,0.0,0.0,0.0,32.15384615384615,0.0016387465549078106,1.0,1.0007707086463185,1.0,1.0,1.0,-25.995,0.831564
8.0,4.0,19634.0,270970.0,178,0.14285714285714285,4.0,1.0,0.0,0.25,22.25,0.0011337001936207072,0.956989247311828,0.9573175939573427,1.0,0.979624542125,1.0,-10.925,0.7577355
18.0,29.0,19634.0,270970.0,1186,0.1895424836601307,29.0,3.2222222222222223,0.0555555555556,0.3333333333333333,65.88888888888889,0.0033589360159506977,0.9533762057877814,0.955560094361588,1.0,0.980447041529,1.0,-72.44,0.749808
16.0,10.0,19634.0,270970.0,337,0.08333333333333333,10.0,1.25,0.0625,0.3125,21.0625,0.0010736313589560609,0.9439775910364145,0.9445990675687599,1.0,0.96655409831,1.0,-20.2925,0.606158
9.0,2.0,19634.0,270970.0,137,0.05555555555555555,2.0,0.4444444444444444,0.0,0.2222222222222222,15.222222222222221,0.000775654635527247,0.9716312056737588,0.9718839391616839,1.0,0.941666666667,0.8888888888888888,-8.3825,0.350017
8.0,6.0,19634.0,270970.0,405,0.21428571428571427,6.0,1.5,0.125,0.25,50.625,0.0025794863955976763,0.9712230215827338,0.9719697952439346,1.0,0.979583333333,1.0,-24.95,0.639146
15.0,6.0,19634.0,270970.0,1000,0.05714285714285714,6.0,0.8,0.0,0.2,66.66666666666667,0.0033980665001614083,0.9881422924901185,0.9899841573414432,1.0,0.988391993055,1.0,-61.88,0.898295
13.0,7.0,19634.0,270970.0,982,0.08974358974358974,7.0,1.0769230769230769,0.0769230769231,0.23076923076923078,75.53846153846153,0.003849878270142273,0.9859437751004017,0.9877525530148917,1.0,0.959524813132,1.0,-60.7575,0.7216645
15.0,18.0,19634.0,270970.0,1420,0.17142857142857143,18.0,2.4,0.133333333333,0.4666666666666667,94.66666666666667,0.0048252544302292,0.9752747252747253,0.9778882671024376,1.0,0.975499692347,1.0,-88.07,0.906199
10.0,6.0,19634.0,270970.0,387,0.13333333333333333,6.0,1.2,0.0,0.5,38.7,0.001972075010191602,0.9699248120300752,0.9706384194353654,1.0,0.874586399108,1.0,-23.88,0.3580335
7.0,9.0,19634.0,270970.0,737,0.42857142857142855,9.0,2.5714285714285716,0.142857142857,0.5714285714285714,105.28571428571429,0.005364330477694721,0.976158940397351,0.9775170676927611,1.0,0.970635648273,1.0,-45.6025,0.949814
11.0,10.0,19634.0,270970.0,524,0.18181818181818182,10.0,1.8181818181818181,0.0909090909091,0.45454545454545453,47.63636363636363,0.0024275780276391806,0.9632352941176471,0.9642012924511156,1.0,0.950930247383,1.0,-32.1575,0.872297
9.0,3.0,19634.0,270970.0,152,0.08333333333333333,3.0,0.6666666666666666,0.0,0.2222222222222222,16.88888888888889,0.0008605803255484784,0.9620253164556962,0.962305714768879,1.0,0.888888888889,1.0,-9.3325,0.5796405
6.0,7.0,19634.0,270970.0,539,0.4666666666666667,7.0,2.3333333333333335,0.166666666667,0.5,89.83333333333333,0.004576795054683785,0.9746835443037974,0.975677156794926,1.0,0.976438356828,1.0,-33.3275,0.988766
7.0,3.0,19634.0,270970.0,169,0.14285714285714285,3.0,0.8571428571428571,0.0,0.2857142857142857,24.142857142857142,0.0012300839222936335,0.9657142857142857,0.9660260345885772,1.0,0.922740524781,1.0,-10.3175,0.4871425
6.0,4.0,19634.0,270970.0,1137,0.26666666666666666,4.0,1.3333333333333333,0.0,0.16666666666666666,189.5,0.00965457509680049,0.9930131004366812,0.9951067570438527,1.0,0.996995596996,1.0,-70.975,0.994182
12.0,7.0,19634.0,270970.0,1115,0.10606060606060606,7.0,1.1666666666666667,0.0,0.3333333333333333,92.91666666666667,0.004735331090952332,0.9875996457041629,0.9896528976685633,1.0,0.987064206248,1.0,-69.46,0.657953
16.0,62.0,19634.0,270970.0,4425,0.5166666666666667,62.0,7.75,0.3125,0.5625,276.5625,0.014097385054541747,0.9727412618157837,0.9808420817835268,1.0,0.957984929957,1.0,-272.89,0.9159095
7.0,5.0,19634.0,270970.0,567,0.23809523809523808,5.0,1.4285714285714286,0.0,0.2857142857142857,81.0,0.004126967952310593,0.9826689774696707,0.9837141445397191,1.0,0.97874790942,1.0,-34.92,0.951625
18.0,17.0,19634.0,270970.0,828,0.1111111111111111,17.0,1.8888888888888888,0.0555555555556,0.3333333333333333,46.0,0.0023450244698205547,0.9605568445475638,0.9620824537778682,1.0,0.970354653123,0.9444444444444444,-50.71,0.786935
18.0,0.0,19634.0,270970.0,526,0.0,0.0,0.0,0.0,0.0,29.22222222222222,0.0014897136124705456,1.0,1.0009696460238984,1.0,1.0,1.0,-32.8525,0.5100175
9.0,1.0,19634.0,270970.0,472,0.027777777777777776,1.0,0.2222222222222222,0.0,0.1111111111111111,52.44444444444444,0.002672328379334749,0.9957805907172996,0.9966507811636409,1.0,0.999441964286,0.8888888888888888,-29.4175,0.201548
9.0,4.0,19634.0,270970.0,683,0.1111111111111111,4.0,0.8888888888888888,0.0,0.2222222222222222,75.88888888888889,0.003866949752300071,0.9884225759768451,0.9896812953266604,1.0,0.958638177936,1.0,-42.1325,0.466993
9.0,8.0,19634.0,270970.0,2246,0.2222222222222222,8.0,1.7777777777777777,0.0,0.3333333333333333,249.55555555555554,0.012716206652512385,0.9929266136162688,0.9970540002785251,1.0,0.978988009658,1.0,-139.9825,0.5608655
7.0,5.0,19634.0,270970.0,353,0.23809523809523808,5.0,1.4285714285714286,0.0,0.42857142857142855,50.42857142857143,0.0025693468909446897,0.9724517906336089,0.9731027422584985,1.0,0.974942396313,1.0,-21.57,0.510035
7.0,3.0,19634.0,270970.0,374,0.14285714285714285,3.0,0.8571428571428571,0.0,0.2857142857142857,53.42857142857143,0.002722197555845082,0.9842105263157894,0.9849001713145724,1.0,0.956772582451,1.0,-23.115,0.941093
11.0,43.0,19634.0,270970.0,844,0.7818181818181819,43.0,7.818181818181818,0.181818181818,0.36363636363636365,76.72727272727273,0.0039100684261974585,0.9075268817204301,0.9090820744795705,1.0,0.953518938723,1.0,-50.0925,0.935723
14.0,4.0,19634.0,270970.0,714,0.04395604395604396,4.0,0.5714285714285714,0.0,0.14285714285714285,51.0,0.002599388379204893,0.9889196675900277,0.990235442515117,1.0,0.99074436706,1.0,-44.4725,0.600556
18.0,41.0,19634.0,270970.0,970,0.2679738562091503,41.0,4.555555555555555,0.111111111111,0.16666666666666666,53.888888888888886,0.002747190502084466,0.9220532319391636,0.9238401699747845,1.0,0.982097121168,1.0,-58.2025,0.7915685
19.0,5.0,19634.0,270970.0,503,0.029239766081871343,5.0,0.5263157894736842,0.0,0.15789473684210525,26.473684210526315,0.0013496652669144184,0.9805068226120858,0.9814341260762924,1.0,0.943267086121,1.0,-30.965000000000003,0.666998
19.0,21.0,19634.0,270970.0,2036,0.12280701754385964,21.0,2.210526315789474,0.105263157895,0.42105263157894735,107.15789473684211,0.005463058615184405,0.9797882579403272,0.9835313591253975,1.0,0.973105632189,1.0,-125.91,0.8175235
13.0,13.0,19634.0,270970.0,486,0.16666666666666666,13.0,2.0,0.0,0.5384615384615384,37.38461538461539,0.0019053369035531005,0.94921875,0.9501147676991151,1.0,0.911813065359,1.0,-29.575000000000003,0.4180865
16.0,6.0,19634.0,270970.0,988,0.05,6.0,0.75,0.0,0.25,61.75,0.0031476195330818637,0.988,0.9898198026950762,1.0,0.987290005513,1.0,-61.015,0.5041865
11.0,11.0,19634.0,270970.0,530,0.2,11.0,2.0,0.0,0.5454545454545454,48.18181818181818,0.0024553747226121483,0.9601449275362319,0.9611219797145052,1.0,0.870621673995,1.0,-32.2825,0.597745
18.0,10.0,19634.0,270970.0,795,0.06535947712418301,10.0,1.1111111111111112,0.0,0.3888888888888889,44.166666666666664,0.0022515633496465472,0.9754601226993865,0.9769249799449021,1.0,0.975473809576,1.0,-49.085,0.457483
16.0,6.0,19634.0,270970.0,815,0.05,6.0,0.75,0.0,0.125,50.9375,0.0025964675298195536,0.9854897218863361,0.9869913534135967,1.0,0.968749954418,1.0,-50.575,0.5783135
15.0,130.0,19634.0,270970.0,2867,1.2380952380952381,130.0,17.333333333333332,0.466666666667,0.8,191.13333333333333,0.009742256655962758,0.9168532139430764,0.9221181405701627,1.0,0.922902892144,1.0,-171.91,0.625044
11.0,4.0,19634.0,270970.0,259,0.07272727272727272,4.0,0.7272727272727273,0.0,0.36363636363636365,23.545454545454547,0.0011998906663331064,0.9700374531835206,0.9705151446243597,1.0,0.950382200382,1.0,-16.0075,0.4916045
8.0,2.0,19634.0,270970.0,215,0.07142857142857142,2.0,0.5,0.0,0.125,26.875,0.0013693569754407418,0.9817351598173516,0.9821317283010397,1.0,0.996428571429,1.0,-13.315,0.8301455
8.0,1.0,19634.0,270970.0,333,0.03571428571428571,1.0,0.25,0.0,0.125,41.625,0.002120911036380312,0.9940298507462687,0.9946439348481292,1.0,0.985294117647,1.0,-20.735,0.589923
12.0,7.0,19634.0,270970.0,438,0.10606060606060606,7.0,1.1666666666666667,0.0833333333333,0.25,36.5,0.0018601569666700643,0.9690265486725663,0.9698341243966188,1.0,0.98009455638,1.0,-26.9125,0.766684
10.0,3.0,19634.0,270970.0,401,0.06666666666666667,3.0,0.6,0.0,0.2,40.1,0.0020434162250305746,0.9852579852579852,0.9859973806501322,1.0,0.97971291866,1.0,-24.73,0.693685
16.0,3.0,19634.0,270970.0,484,0.025,3.0,0.375,0.0,0.0625,30.25,0.0015419512692425323,0.9877551020408163,0.9886474028125458,1.0,0.990853658537,1.0,-30.0225,0.8347875
8.0,2.0,19634.0,270970.0,188,0.07142857142857142,2.0,0.5,0.0,0.125,23.5,0.00119739121573423,0.9791666666666666,0.9795134507972345,1.0,0.994791666667,1.0,-11.575,0.412642
14.0,0.0,19634.0,270970.0,60,0.0,0.0,0.0,0.0,0.0,4.285714285714286,0.00021843599825251202,1.0,1.0001107011070112,1.0,1.0,1.0,-3.725,0.452435
6.0,0.0,19634.0,270970.0,42,0.0,0.0,0.0,0.0,0.0,7.0,0.0003566333808844508,1.0,1.0000774933484875,1.0,1.0,1.0,-2.5825,0.349125
13.0,0.0,19634.0,270970.0,191,0.0,0.0,0.0,0.0,0.0,14.692307692307692,0.0007488052439889757,1.0,1.0003523133707535,1.0,1.0,1.0,-11.9625,0.498515
14.0,4.0,19634.0,270970.0,181,0.04395604395604396,4.0,0.5714285714285714,0.0,0.2857142857142857,12.928571428571429,0.0006589485947284113,0.9576719576719577,0.958005836402038,1.0,0.957828993666,1.0,-11.035,0.656658
11.0,24.0,19634.0,270970.0,1127,0.43636363636363634,24.0,4.363636363636363,0.181818181818,0.5454545454545454,102.45454545454545,0.0052211458724224355,0.9591489361702128,0.961224369994812,1.0,0.952106430761,1.0,-69.06,0.988134
12.0,27.0,19634.0,270970.0,4157,0.4090909090909091,27.0,4.5,0.0833333333333,0.5833333333333334,346.4166666666667,0.017654503448510175,0.9871764426502019,0.9947893962088044,1.0,0.983592676176,1.0,-257.915,0.913333
17.0,18.0,19634.0,270970.0,788,0.1323529411764706,18.0,2.1176470588235294,0.117647058824,0.4117647058823529,46.35294117647059,0.0023628965273217407,0.9563106796116505,0.9577627002789904,1.0,0.970246834826,1.0,-47.975,0.7149005
7.0,0.0,19634.0,270970.0,129,0.0,0.0,0.0,0.0,0.0,18.428571428571427,0.0009389397986738385,1.0,1.0002379770840981,1.0,1.0,1.0,-7.9925,0.874974
7.0,8.0,19634.0,270970.0,582,0.38095238095238093,8.0,2.2857142857142856,0.0,0.7142857142857143,83.14285714285714,0.004236146998668016,0.9732441471571907,0.9743169463520382,1.0,0.965640698455,1.0,-35.85,0.943415
10.0,5.0,19634.0,270970.0,409,0.1111111111111111,5.0,1.0,0.1,0.2,40.9,0.002084182633509988,0.9761336515513126,0.9768877924115494,1.0,0.986296296296,1.0,-25.23,0.861161
16.0,2.0,19634.0,270970.0,346,0.016666666666666666,2.0,0.25,0.0,0.0625,21.625,0.0011023040065246202,0.9885714285714285,0.9892094729837454,1.0,0.986111111111,1.0,-21.3225,0.5627345
17.0,23.0,19634.0,270970.0,2786,0.16911764705882354,23.0,2.7058823529411766,0.117647058824,0.5294117647058824,163.88235294117646,0.008354098635937017,0.9837570621468926,0.9888719920139706,1.0,0.945306882683,1.0,-173.035,0.6803855
10.0,2.0,19634.0,270970.0,159,0.044444444444444446,2.0,0.4,0.0,0.2,15.9,0.0008102323685283327,0.9754601226993865,0.9757534292231508,1.0,0.974637681159,1.0,-9.8325,0.4057245
15.0,18.0,19634.0,270970.0,2501,0.17142857142857143,18.0,2.4,0.133333333333,0.4666666666666667,166.73333333333332,0.008498564316903682,0.9858100118249902,0.9904040181254467,1.0,0.979926538365,1.0,-155.0825,0.768372
7.0,4.0,19634.0,270970.0,232,0.19047619047619047,4.0,1.1428571428571428,0.0,0.42857142857142855,33.142857142857146,0.0016886359169948103,0.9666666666666667,0.9670945814673543,1.0,0.96141881894,0.8571428571428571,-14.07,0.6509965
12.0,22.0,19634.0,270970.0,623,0.3333333333333333,22.0,3.6666666666666665,0.166666666667,0.3333333333333333,51.916666666666664,0.002645839703733904,0.9340329835082459,0.9351813303864198,1.0,0.932661044597,1.0,-37.905,0.570422
8.0,1.0,19634.0,270970.0,230,0.03571428571428571,1.0,0.25,0.0,0.125,28.75,0.0014648935086110262,0.9913793103448276,0.9918035330949715,1.0,0.997058823529,1.0,-14.19,0.707782
7.0,0.0,19634.0,270970.0,135,0.0,0.0,0.0,0.0,0.0,19.285714285714285,0.0009826114172168077,1.0,1.0002490430291011,1.0,1.0,1.0,-8.355,0.723758
16.0,5.0,19634.0,270970.0,411,0.041666666666666664,5.0,0.625,0.0,0.1875,25.6875,0.0013093842389642165,0.9762470308788599,0.9770048566748074,1.0,0.987774905147,0.9375,-25.5075,0.4386675
16.0,8.0,19634.0,270970.0,1122,0.06666666666666667,8.0,1.0,0.0625,0.3125,70.125,0.003574523396880416,0.9859402460456942,0.9880063693575315,1.0,0.952876984127,1.0,-69.7575,0.5797425
11.0,2.0,19634.0,270970.0,749,0.03636363636363636,2.0,0.36363636363636365,0.0,0.18181818181818182,68.0909090909091,0.0034699540891254695,0.9946879150066401,0.9960680895093442,1.0,0.988095238095,1.0,-46.4575,0.937383
19.0,14.0,19634.0,270970.0,1521,0.08187134502923976,14.0,1.4736842105263157,0.105263157895,0.2631578947368421,80.05263157894737,0.004081194574506621,0.9819238218205294,0.9847226949106803,1.0,0.975438939361,0.8947368421052632,-94.32,0.496605
6.0,19.0,19634.0,270970.0,644,1.2666666666666666,19.0,6.333333333333333,0.166666666667,0.3333333333333333,107.33333333333333,0.005468378506894912,0.9442815249266863,0.9454685210523605,1.0,0.907407407407,1.0,-38.9175,0.604304
14.0,13.0,19634.0,270970.0,1794,0.14285714285714285,13.0,1.8571428571428572,0.0714285714286,0.21428571428571427,128.14285714285714,0.006531236347750109,0.9857142857142858,0.9890138509220812,1.0,0.992642709258,1.0,-111.575,0.4818245
7.0,1.0,19634.0,270970.0,300,0.047619047619047616,1.0,0.2857142857142857,0.0,0.14285714285714285,42.857142857142854,0.002183580927148462,0.9933774834437086,0.9939307460331988,1.0,0.968253968254,1.0,-18.6975,0.772309
9.0,2.0,19634.0,270970.0,120,0.05555555555555555,2.0,0.4444444444444444,0.0,0.2222222222222222,13.333333333333334,0.0006794055201698514,0.967741935483871,0.967963314824751,1.0,0.971819645733,1.0,-7.39,0.7496445
10.0,4.0,19634.0,270970.0,472,0.08888888888888889,4.0,0.8,0.0,0.3,47.2,0.002405218100285365,0.9833333333333333,0.9842035334056042,1.0,0.986139315359,1.0,-29.245,0.91319
15.0,18.0,19634.0,270970.0,754,0.17142857142857143,18.0,2.4,0.0666666666667,0.2,50.266666666666666,0.002562142141121702,0.9544303797468354,0.9558198368266168,1.0,0.984968806813,1.0,-45.835,0.73557
6.0,3.0,19634.0,270970.0,271,0.2,3.0,1.0,0.0,0.16666666666666666,45.166666666666664,0.0023011344338020514,0.9783393501805054,0.9788391611376157,1.0,0.960079365079,1.0,-16.6425,0.868802
11.0,12.0,19634.0,270970.0,609,0.21818181818181817,12.0,2.1818181818181817,0.181818181818,0.2727272727272727,55.36363636363637,0.002821364539756223,0.9620853080568721,0.9632078369725903,1.0,0.980729217307,1.0,-37.5025,0.731846
19.0,4.0,19634.0,270970.0,643,0.023391812865497075,4.0,0.42105263157894735,0.0,0.10526315789473684,33.8421052631579,0.00172531762748702,0.9877112135176651,0.9888963031366118,1.0,0.991146634548,1.0,-40.08,0.7280725
19.0,22.0,19634.0,270970.0,1752,0.1286549707602339,22.0,2.3157894736842106,0.0526315789474,0.3684210526315789,92.21052631578948,0.0047010209694514134,0.9755011135857461,0.9787237870803602,1.0,0.981829117617,1.0,-108.15,0.640943
9.0,3.0,19634.0,270970.0,346,0.08333333333333333,3.0,0.6666666666666666,0.0,0.2222222222222222,38.44444444444444,0.001958952583156405,0.9829545454545454,0.983592592220054,1.0,0.983482798804,1.0,-21.2475,0.843163
13.0,19.0,19634.0,270970.0,3117,0.24358974358974358,19.0,2.923076923076923,0.0769230769231,0.3076923076923077,239.76923076923077,0.012220031128343651,0.9879556259904912,0.993674692665231,1.0,0.988753541998,1.0,-193.485,0.83425
11.0,3.0,19634.0,270970.0,868,0.05454545454545454,3.0,0.5454545454545454,0.0,0.18181818181818182,78.9090909090909,0.004021255206089329,0.9931350114416476,0.9947341212459593,1.0,0.989807174786,1.0,-54.0825,0.6976
8.0,4.0,19634.0,270970.0,617,0.14285714285714285,4.0,1.0,0.0,0.375,77.125,0.003929736064404362,0.9872,0.988337224471891,1.0,0.970997115737,0.875,-38.5625,0.35074
14.0,24.0,19634.0,270970.0,519,0.26373626373626374,24.0,3.4285714285714284,0.214285714286,0.21428571428571427,37.07142857142857,0.0018894713848842289,0.9153439153439153,0.9163007543460743,1.0,0.942282171735,1.0,-30.862499999999997,0.5427955
10.0,0.0,19634.0,270970.0,224,0.0,0.0,0.0,0.0,0.0,22.4,0.001141459437423563,1.0,1.0004131591179053,1.0,1.0,1.0,-14.115,0.651215
11.0,21.0,19634.0,270970.0,992,0.38181818181818183,21.0,3.8181818181818183,0.0909090909091,0.2727272727272727,90.18181818181819,0.004595720235530662,0.9593810444874274,0.961208302311296,1.0,0.984422387648,1.0,-60.6875,0.6474455
18.0,7.0,19634.0,270970.0,725,0.0457516339869281,7.0,0.7777777777777778,0.0,0.2777777777777778,40.27777777777778,0.0020533124886713792,0.9810554803788903,0.9823915140358817,1.0,0.98673996174,1.0,-44.7175,0.66742
18.0,9.0,19634.0,270970.0,535,0.058823529411764705,9.0,1.0,0.0,0.4444444444444444,29.72222222222222,0.0015152030088816386,0.9674502712477396,0.9684365245360187,1.0,0.897754065298,1.0,-32.665,0.7240485
9.0,7.0,19634.0,270970.0,381,0.19444444444444445,7.0,1.5555555555555556,0.0,0.4444444444444444,42.333333333333336,0.002157112526539278,0.9645569620253165,0.9652595161136834,1.0,0.970783141643,1.0,-23.3425,0.5996955
15.0,14.0,19634.0,270970.0,1146,0.13333333333333333,14.0,1.8666666666666667,0.133333333333,0.3333333333333333,76.4,0.003894184209184974,0.9761499148211243,0.9782601866521258,1.0,0.969638511741,1.0,-70.575,0.5688435
18.0,5.0,19634.0,270970.0,743,0.032679738562091505,5.0,0.5555555555555556,0.0,0.16666666666666666,41.27777777777778,0.0021042912814935653,0.9867197875166003,0.9880889361567574,1.0,0.947343474427,1.0,-46.0575,0.7805175
11.0,26.0,19634.0,270970.0,1134,0.4727272727272727,26.0,4.7272727272727275,0.181818181818,0.6363636363636364,103.0909090909091,0.005253575349890898,0.9561551433389545,0.9582434565196359,1.0,0.941299905419,1.0,-69.22,0.972328
7.0,1.0,19634.0,270970.0,520,0.047619047619047616,1.0,0.2857142857142857,0.0,0.14285714285714285,74.28571428571429,0.0037848736070573335,0.9961685823754789,0.9971271819352605,1.0,0.99846390169,1.0,-32.5375,0.7550425
8.0,7.0,19634.0,270970.0,724,0.25,7.0,1.75,0.0,0.375,90.5,0.004611230001019056,0.981029810298103,0.9823640036087083,1.0,0.95065860616,0.875,-44.89,0.575872
8.0,1.0,19634.0,270970.0,285,0.03571428571428571,1.0,0.25,0.0,0.125,35.625,0.0018151941302354021,0.9930313588850174,0.9935569728851612,1.0,0.997747747748,1.0,-17.535,0.786849
17.0,8.0,19634.0,270970.0,504,0.058823529411764705,8.0,0.9411764705882353,0.0588235294118,0.17647058823529413,29.647058823529413,0.0015112942255966464,0.9692307692307692,0.970159924805334,1.0,0.991557182927,0.9411764705882353,-30.9125,0.8266925
11.0,0.0,19634.0,270970.0,341,0.0,0.0,0.0,0.0,0.0,31.0,0.001579778830963665,1.0,1.000628825276932,1.0,1.0,1.0,-21.495,0.729571
